0,0,500,0,0,0,0
0,0,498.542,0,0,0,0
0,1,497.088,0,0,0,0
0,2,495.638,0,0,0,0
0,3,494.192,0,0,0,0
0,4,492.751,0,0,0,0
0,5,491.314,0,0,0,0
0,6,489.881,0,0,0,0
0,7,488.452,0,0,0,0
0,8,487.027,0,0,0,0
0,9,485.607,0,0,0,0
0,10,484.19,0,0,0,0
0,11,482.778,0,0,0,0
0,12,481.37,0,0,0,0
0,13,0,479.966,0,0,0
0,14,0,479.886,0,0,0
0,15,0,479.806,0,0,0
0,16,0,479.726,0,0,0
0,17,0,479.646,0,0,0
0,18,0,479.566,0,0,0
0,19,0,479.486,0,0,0
0,20,0,479.406,0,0,0
0,21,0,479.326,0,0,0
0,22,0,479.246,0,0,0
0,23,0,479.167,0,0,0
0,24,0,479.087,0,0,0
0,25,0,479.007,0,0,0
0,26,0,478.927,0,0,0
0,27,0,478.847,0,0,0
0,28,0,478.767,0,0,0
0,29,0,478.688,0,0,0
0,30,0,478.608,0,0,0
0,31,0,478.528,0,0,0
0,32,0,478.448,0,0,0
0,33,0,478.369,0,0,0
0,34,0,478.289,0,0,0
0,35,0,478.209,0,0,0
0,36,0,478.129,0,0,0
0,37,0,478.05,0,0,0
0,38,0,477.97,0,0,0
0,39,0,477.89,0,0,0
0,40,0,477.811,0,0,0
0,41,0,477.731,0,0,0
0,42,0,477.651,0,0,0
0,43,0,477.572,0,0,0
0,44,0,477.492,0,0,0
0,45,0,477.413,0,0,0
0,46,0,477.333,0,0,0
0,47,0,477.254,0,0,0
0,48,0,477.174,0,0,0
0,49,0,477.095,0,0,0
0,50,0,477.015,0,0,0
0,51,0,476.935,0,0,0
0,52,0,476.856,0,0,0
0,53,0,476.777,0,0,0
0,54,0,476.697,0,0,0
0,55,0,476.618,0,0,0
0,56,0,476.538,0,0,0
0,57,0,476.459,0,0,0
0,58,0,476.379,0,0,0
0,59,0,476.3,0,0,0
0,60,0,476.221,0,0,0
0,61,0,476.141,0,0,0
0,62,0,476.062,0,0,0
0,63,0,475.982,0,0,0
0,64,0,475.903,0,0,0
0,65,0,475.824,0,0,0
0,66,0,475.745,0,0,0
0,67,0,475.665,0,0,0
0,68,0,475.586,0,0,0
0,69,0,475.507,0,0,0
0,70,0,475.427,0,0,0
0,71,0,475.348,0,0,0
0,72,0,475.269,0,0,0
0,73,0,475.19,0,0,0
0,74,0,475.111,0,0,0
0,75,0,475.031,0,0,0
0,76,0,474.952,0,0,0
0,77,0,474.873,0,0,0
0,78,0,474.794,0,0,0
0,79,0,474.715,0,0,0
0,80,0,474.636,0,0,0
0,81,0,474.557,0,0,0
0,82,0,474.477,0,0,0
0,83,0,474.398,0,0,0
0,84,0,474.319,0,0,0
0,85,0,474.24,0,0,0
0,86,0,474.161,0,0,0
0,87,0,474.082,0,0,0
0,88,0,474.003,0,0,0
0,89,0,473.924,0,0,0
0,90,0,473.845,0,0,0
0,91,0,473.766,0,0,0
0,92,0,473.687,0,0,0
0,93,0,473.608,0,0,0
0,94,0,473.529,0,0,0
0,95,0,473.45,0,0,0
0,96,0,473.372,0,0,0
0,97,0,473.293,0,0,0
0,98,0,473.214,0,0,0
0,99,0,473.135,0,0,0
0,100,0,473.056,0,0,0
0,101,0,472.977,0,0,0
0,102,0,472.898,0,0,0
0,103,0,472.82,0,0,0
0,104,0,472.741,0,0,0
0,105,0,472.662,0,0,0
0,106,0,472.583,0,0,0
0,107,0,472.504,0,0,0
0,108,0,472.426,0,0,0
0,109,0,472.347,0,0,0
0,110,0,472.268,0,0,0
0,111,0,472.19,0,0,0
0,112,0,472.111,0,0,0
0,113,0,472.032,0,0,0
0,114,0,471.953,0,0,0
0,115,0,471.875,0,0,0
0,116,0,471.796,0,0,0
0,117,0,471.718,0,0,0
0,118,0,471.639,0,0,0
0,119,0,0,471.56,0,0
0,120,0,0,471.501,0,0
0,121,0,0,471.442,0,0
0,122,0,0,471.383,0,0
0,123,0,0,471.325,0,0
0,124,0,0,471.266,0,0
0,125,0,0,471.207,0,0
0,126,0,0,471.148,0,0
0,127,0,0,471.089,0,0
0,128,0,0,471.03,0,0
0,129,0,0,470.971,0,0
0,130,0,0,470.912,0,0
0,131,0,0,470.853,0,0
0,132,0,0,470.795,0,0
0,133,0,0,470.736,0,0
0,134,0,0,470.677,0,0
0,135,0,0,470.618,0,0
0,136,0,0,470.559,0,0
0,137,0,0,470.5,0,0
0,138,0,0,470.442,0,0
0,139,0,0,470.383,0,0
0,140,0,0,470.324,0,0
0,141,0,0,0,470.265,0
0,142,0,0,0,0,470.216
0,143,69.9153,0,0,0,464.926
0,144,140.056,0,0,0,459.696
0,145,210.41,0,0,0,454.524
0,146,280.965,0,0,0,449.411
0,147,351.711,0,0,0,444.355
0,148,422.633,0,0,0,439.356
0,149,493.721,0,0,0,434.413
0,150,564.963,0,0,0,429.526
0,151,636.346,0,0,0,424.694
0,152,707.858,0,0,0,419.916
0,153,779.488,0,0,0,415.192
0,154,851.223,0,0,0,410.521
0,155,923.052,0,0,0,405.903
0,156,994.962,0,0,0,401.336
0,157,999.828,67.1139,0,0,396.821
0,158,1004.53,134.629,0,0,392.357
0,159,1009.08,202.533,0,0,387.943
0,160,1013.47,270.817,0,0,383.579
0,161,1017.7,339.469,0,0,379.263
0,162,1021.77,408.478,0,0,374.997
0,163,1025.68,477.833,0,0,370.778
0,164,1029.43,547.523,0,0,366.607
0,165,1033.02,617.536,0,0,362.482
0,166,1036.45,687.862,0,0,358.405
0,167,1039.72,758.489,0,0,354.373
0,168,1042.83,829.406,0,0,350.386
0,169,1045.78,900.602,0,0,346.444
0,170,1048.58,972.065,0,0,342.546
0,171,1051.22,1043.78,0,0,338.693
0,172,1053.7,1115.75,0,0,334.883
0,173,1056.02,1187.95,0,0,331.115
0,174,1058.19,1260.37,0,0,327.39
0,175,1060.21,1333,0,0,323.707
0,176,1062.07,1405.83,0,0,320.065
0,177,1063.78,1478.85,0,0,316.464
0,178,1065.33,1552.05,0,0,312.904
0,179,1066.74,1625.41,0,0,309.384
0,180,1068,1698.93,0,0,305.904
0,181,1069.1,1772.6,0,0,302.462
0,182,1070.07,1846.4,0,0,299.059
0,183,1070.88,1920.32,0,0,295.695
0,184,1071.55,1994.36,0,0,292.368
0,185,1072.08,2068.49,0,0,289.079
0,186,1072.46,2142.72,0,0,285.827
0,187,1072.71,2217.03,0,0,282.612
0,188,1072.81,2291.41,0,0,279.432
0,189,1072.78,2365.85,0,0,276.289
0,190,1072.61,2440.33,0,0,273.18
0,191,1072.31,2514.86,0,0,270.107
0,192,1071.88,2589.41,0,0,267.068
0,193,1071.31,2663.99,0,0,264.064
0,194,1070.61,2738.57,0,0,261.093
0,195,1069.79,2813.16,0,0,258.156
0,196,1068.84,2887.73,0,0,255.252
0,197,1067.77,2962.28,0,0,252.38
0,198,1066.58,3036.81,0,0,249.541
0,199,1065.26,3111.29,0,0,246.733
0,200,1063.82,3185.73,0,0,243.958
0,201,1062.27,3260.11,0,0,241.213
0,202,1060.61,3334.42,0,0,238.499
0,203,1058.83,3408.66,0,0,235.816
0,204,1056.93,3482.82,0,0,233.163
0,205,1054.93,3556.88,0,0,230.54
0,206,1052.83,3630.84,0,0,227.947
0,207,1050.61,3704.7,0,0,225.382
0,208,1048.29,3778.43,0,0,222.847
0,209,1045.87,3852.04,0,0,220.34
0,210,1043.35,3925.52,0,0,217.861
0,211,1040.74,3998.86,0,0,215.41
0,212,1038.02,4072.04,0,0,212.987
0,213,1035.21,4145.07,0,0,210.591
0,214,1032.31,4217.94,0,0,208.221
0,215,1029.32,4290.64,0,0,205.879
0,216,1026.25,4363.15,0,0,203.563
0,217,1023.08,4435.49,0,0,201.273
0,218,1019.83,4507.63,0,0,199.008
0,219,1016.5,4579.57,0,0,196.77
0,220,1013.09,4651.3,0,0,194.556
0,221,1009.6,4722.82,0,0,192.367
0,222,1006.03,4794.13,0,0,190.203
0,223,1002.38,4865.21,0,0,188.063
0,224,998.668,4936.05,0,0,185.947
0,225,994.88,5006.66,0,0,183.856
0,226,991.024,5077.03,0,0,181.787
0,227,987.1,5147.15,0,0,179.742
0,228,983.11,5217.02,0,0,177.72
0,229,979.056,5286.63,0,0,175.721
0,230,974.941,5355.97,0,0,173.744
0,231,970.765,5425.05,0,0,171.789
0,232,966.532,5493.85,0,0,169.857
0,233,962.241,5562.37,0,0,167.946
0,234,957.896,5630.6,0,0,166.056
0,235,953.497,5698.55,0,0,164.188
0,236,949.047,5766.2,0,0,162.341
0,237,944.548,5833.56,0,0,160.515
0,238,940,5900.61,0,0,158.709
0,239,935.406,5967.36,0,0,156.923
0,240,930.768,6033.8,0,0,155.158
0,241,926.086,6099.93,0,0,153.413
0,242,921.364,6165.74,0,0,151.687
0,243,916.601,6231.22,0,0,149.98
0,244,911.8,6296.39,0,0,148.293
0,245,906.963,6361.22,0,0,146.625
0,246,902.09,6425.73,0,0,144.975
0,247,897.184,6489.9,0,0,143.344
0,248,892.246,6553.73,0,0,141.731
0,249,887.277,6617.22,0,0,140.137
0,250,882.279,6680.37,0,0,138.56
0,251,877.253,6743.18,0,0,137.002
0,252,872.201,6805.63,0,0,135.46
0,253,867.124,6867.74,0,0,133.936
0,254,862.024,6929.49,0,0,132.43
0,255,856.901,6990.89,0,0,130.94
0,256,851.758,7051.93,0,0,129.467
0,257,846.595,7112.62,0,0,128.01
0,258,841.414,7172.94,0,0,126.57
0,259,836.216,7232.9,0,0,125.146
0,260,831.003,7292.49,0,0,123.738
0,261,825.775,7351.72,0,0,122.346
0,262,820.533,7410.58,0,0,120.97
0,263,815.28,7403.13,65.9385,0,119.609
0,264,810.016,7394.92,132.274,0,118.263
0,265,804.742,7385.95,198.995,0,116.933
0,266,799.459,7376.24,266.091,0,115.617
0,267,794.169,7365.79,333.552,0,114.317
0,268,788.872,7354.62,401.366,0,113.031
0,269,783.57,7342.73,469.523,0,111.759
0,270,778.264,7330.13,538.012,0,110.502
0,271,772.954,7316.84,606.822,0,109.259
0,272,767.642,7302.86,675.941,0,108.029
0,273,762.329,7288.21,745.359,0,106.814
0,274,757.015,7272.9,815.065,0,105.612
0,275,751.702,7256.93,885.048,0,104.424
0,276,746.39,7240.32,955.296,0,103.25
0,277,741.081,7223.08,1025.8,0,102.088
0,278,735.774,7205.22,1096.55,0,100.939
0,279,730.472,7186.74,1167.52,0,99.8039
0,280,725.175,7167.67,1238.73,0,98.6811
0,281,719.884,7148.01,1310.14,0,97.571
0,282,714.599,7127.77,1381.75,0,96.4733
0,283,709.321,7106.97,1453.55,0,95.388
0,284,704.052,7085.61,1525.52,0,94.3149
0,285,698.792,7063.71,1531.91,65.7574,93.2538
0,286,693.541,7041.28,1538.06,66.1612,157.955
0,287,706.376,7018.32,1543.96,66.5543,222.333
0,288,728.647,6994.86,1549.63,66.9368,286.379
0,289,754.437,6970.89,1555.06,67.3086,350.087
0,290,779.813,6946.44,1560.25,67.6697,413.45
0,291,802.269,6921.51,1565.2,68.0199,476.461
0,292,820.305,6896.11,1569.91,68.3593,539.114
0,293,833.131,6870.26,1574.38,68.6877,601.401
0,294,840.443,6843.97,1578.62,69.0053,663.316
0,295,842.259,6817.24,1582.62,69.3118,724.852
0,296,838.808,6790.1,1586.38,69.6075,786.002
0,297,830.444,6762.54,1589.92,69.8921,846.759
0,298,817.589,6734.58,1593.21,70.1657,907.118
0,299,800.695,6706.23,1596.28,70.4284,967.071
0,300,780.215,6677.5,1599.11,70.6801,1026.61
0,301,739.236,6665.76,1601.72,70.9208,1085.74
0,302,686.477,6662.76,1604.09,71.1505,1144.44
0,303,627.998,6662.85,1606.24,71.3693,1202.7
0,304,567.92,6662.27,1608.17,71.5772,1260.53
0,305,508.966,6658.64,1609.87,71.7742,1317.92
0,306,452.851,6650.5,1611.35,71.9604,1374.86
0,307,400.581,6637.11,1612.61,72.1357,1431.35
0,308,352.665,6618.17,1613.66,72.3003,1487.37
0,309,309.277,6593.68,1614.49,72.4542,1542.93
0,310,270.363,6563.86,1615.1,72.5975,1598.02
0,311,235.728,6529.05,1615.51,72.7302,1652.64
0,312,205.09,6489.66,1615.7,72.8523,1706.77
0,313,178.125,6446.1,1615.69,72.964,1760.41
0,314,154.49,6398.81,1615.48,73.0653,1813.56
0,315,133.845,6348.22,1615.06,73.1562,1866.22
0,316,115.861,6294.72,1614.44,73.237,1918.37
0,317,100.231,6238.68,1613.63,73.3076,1970.02
0,318,86.6742,6180.43,1612.62,73.3681,2021.15
0,319,74.9329,6120.29,1611.42,73.4186,2071.78
0,320,64.7766,6058.5,1610.03,73.4593,2121.88
0,321,56.0002,5995.33,1608.45,73.4902,2171.46
0,322,48.4218,5930.99,1606.68,73.5113,2220.51
0,323,41.8815,5865.65,1604.74,73.5229,2269.04
0,324,36.2393,5799.49,1602.62,73.525,2317.03
0,325,31.3729,5732.64,1600.32,73.5177,2364.48
0,326,27.176,5665.25,1597.84,73.5012,2411.39
0,327,23.5563,5597.41,1595.2,73.4755,2457.75
0,328,20.4339,5529.23,1592.39,73.4407,2503.57
0,329,17.7399,5460.78,1589.41,73.397,2548.84
0,330,15.4145,5392.14,1586.27,73.3445,2593.55
0,331,13.4065,5323.37,1582.97,73.2833,2637.71
0,332,11.6716,5254.53,1579.52,73.2135,2681.31
0,333,10.1719,5185.67,1575.91,73.1352,2724.35
0,334,8.87453,5116.83,1572.15,73.0486,2766.83
0,335,7.75146,5048.04,1568.24,72.9538,2808.75
0,336,6.77849,4979.35,1564.19,72.8509,2850.1
0,337,5.93489,4910.76,1560,72.7401,2890.88
0,338,5.2028,4842.33,1555.66,72.6214,2931.09
0,339,4.56691,4774.05,1551.19,72.495,2970.72
0,340,4.01404,4705.96,1546.59,72.361,3009.79
0,341,3.53288,4638.07,1541.86,72.2196,3048.28
0,342,3.11371,4570.39,1537,72.0709,3086.2
0,343,2.74813,4502.95,1532.01,71.915,3123.55
0,344,2.42897,4435.75,1526.9,71.7521,3160.31
0,345,2.15,4368.8,1521.68,71.5822,3196.51
0,346,1.9059,4302.12,1516.33,71.4056,3232.12
0,347,1.69205,4235.71,1510.88,71.2223,3267.16
0,348,1.50448,4169.58,1505.31,71.0325,3301.62
0,349,1.33977,4103.74,1499.63,70.8363,3335.5
0,350,1.19494,4038.19,1493.86,70.6339,3368.8
0,351,1.06745,3972.95,1487.97,70.4253,3401.53
0,352,0.955081,3908.01,1481.99,70.2108,3433.68
0,353,0.855908,3843.39,1475.92,69.9904,3465.26
0,354,0.768271,3779.08,1469.75,69.7643,3496.25
0,355,0.690729,3715.09,1463.48,69.5326,3526.68
0,356,0.62203,3651.44,1457.13,69.2954,3556.53
0,357,0.561087,3588.11,1450.7,69.0529,3585.81
0,358,0.506952,3525.11,1444.18,68.8052,3614.51
0,359,0.458803,3462.46,1437.58,68.5525,3642.65
0,360,0.41592,3400.14,1430.9,68.2948,3670.21
0,361,0.377678,3338.17,1424.15,68.0323,3697.21
0,362,0.34353,3276.54,1417.32,67.7651,3723.64
0,363,0.312996,3215.26,1410.42,67.4934,3749.51
0,364,0.285659,3154.33,1403.46,67.2173,3774.81
0,365,0.261151,3093.76,1396.43,66.9368,3799.56
0,366,0.23915,3033.54,1389.34,66.6522,3823.74
0,367,0.219376,2973.68,1382.19,66.3635,3847.37
0,368,0.201579,2914.18,1374.97,66.0708,3870.44
0,369,0.18554,2855.03,1367.71,65.7744,3892.96
0,370,0.171069,2796.25,1360.39,65.4743,3914.94
0,371,0.157994,2737.84,1353.02,65.1706,3936.36
0,372,0.146166,2679.79,1345.6,64.8634,3957.24
0,373,0.135454,2622.1,1338.13,64.5529,3977.58
0,374,0.125739,2564.78,1330.62,64.2392,3997.38
0,375,0.116919,2507.83,1323.07,63.9224,4016.64
0,376,0.108901,2451.25,1315.47,63.6026,4035.37
0,377,0.101603,2395.04,1307.84,63.2799,4053.57
0,378,0.0949545,2339.2,1300.17,62.9544,4071.24
0,379,0.0888894,2283.74,1292.47,62.6263,4088.38
0,380,0.0833507,2228.64,1284.74,62.2956,4105.01
0,381,0.0782873,2173.92,1276.98,61.9624,4121.12
0,382,0.0736534,2119.57,1269.19,61.6269,4136.71
0,383,0.0694083,2065.59,1261.37,61.2892,4151.79
0,384,0.0655154,2011.99,1253.53,60.9493,4166.37
0,385,0.0619422,1958.76,1245.67,60.6074,4180.44
0,386,0.0586593,1905.9,1237.78,60.2636,4194.01
0,387,0.0556405,1853.42,1229.88,59.9179,4207.08
0,388,0.0528622,1801.31,1221.96,59.5705,4219.67
0,389,0.0503032,1749.58,1214.03,59.2214,4231.76
0,390,0.0479445,1698.22,1206.08,58.8707,4243.37
0,391,0.0457688,1647.23,1198.12,58.5186,4254.49
0,392,0.0437607,1596.61,1190.15,58.1652,4265.14
0,393,0.0419062,1546.37,1182.17,57.8104,4275.32
0,394,0.0401927,1496.5,1174.19,57.4545,4285.03
0,395,0.0386089,1447,1166.2,57.0974,4294.27
0,396,0.0371443,1397.87,1158.2,56.7393,4303.05
0,397,0.0357897,1349.11,1150.2,56.3803,4311.37
0,398,0.0345367,1300.72,1142.21,56.0204,4319.24
0,399,0.0333774,1252.71,1134.21,55.6598,4326.67
0,400,0.0323051,1205.06,1126.21,55.2984,4333.65
0,401,0.0313134,1157.77,1118.22,54.9364,4340.19
0,402,0.0303965,1110.86,1110.23,54.5739,4346.29
0,403,0.0295493,1064.31,1102.25,54.2109,4351.96
0,404,0.028767,1018.12,1094.27,53.8475,4357.21
0,405,0.0280453,972.303,1086.31,53.4838,4362.03
0,406,0.0273804,926.845,1078.35,53.1199,4366.44
0,407,0.0267686,864.701,1087.45,52.7557,4370.43
0,408,0.0262067,793.984,1105.5,52.3914,4374.01
0,409,0.0256918,720.246,1126.94,52.0271,4377.19
0,410,0.0252213,647.188,1148.08,51.6628,4379.97
0,411,0.0247927,577.176,1166.54,51.2986,4382.35
0,412,0.0244038,511.628,1180.91,50.9345,4384.34
0,413,0.0240526,451.302,1190.44,50.5706,4385.95
0,414,0.0237374,396.498,1194.81,50.207,4387.17
0,415,0.0234565,347.211,1194.04,49.8437,4388.02
0,416,0.0232084,303.24,1188.33,49.4807,4388.49
0,417,0.022992,264.263,1177.99,49.1182,4388.6
0,418,0.0228059,229.894,1163.41,48.7562,4388.34
0,419,0.0226491,199.717,1145.01,48.3947,4387.72
0,420,0.0225208,173.315,1123.21,48.0338,4386.75
0,421,0.0224202,150.282,1098.4,47.6735,4385.43
0,422,0.0223465,130.235,1070.97,47.3139,4383.76
0,423,0.0222991,112.822,1041.28,46.9551,4381.75
0,424,0.0222777,97.7196,1009.63,46.597,4379.4
0,425,0.0222816,84.6383,976.334,46.2398,4376.73
0,426,0.0223108,73.3185,941.635,45.8834,4373.73
0,427,0.0223648,63.5305,905.767,45.528,4370.4
0,428,0.0224436,55.0714,868.93,45.1735,4366.76
0,429,0.0225471,47.7635,814.3,61.8216,4362.8
0,430,0.0226753,41.4513,750.122,70.382,4375.53
0,431,0.0227388,35.9993,682.07,73.4051,4396.68
0,432,0.0226975,31.29,613.95,72.7397,4420.62
0,433,0.022544,27.2213,548.224,69.7145,4443.62
0,434,0.0222888,23.705,486.395,65.2734,4463.33
0,435,0.02195,20.6647,429.295,60.0773,4478.39
0,436,0.0215481,18.0349,377.289,54.5806,4488.08
0,437,0.0211036,15.7586,330.429,49.0876,4492.16
0,438,0.020636,13.7872,288.563,43.7946,4490.71
0,439,0.0201636,12.0785,251.414,38.8211,4483.98
0,440,0.019704,10.5963,218.632,34.2324,4472.35
0,441,0.0192746,9.30963,189.834,30.057,4456.26
0,442,0.0188929,8.19157,164.63,26.2982,4436.18
0,443,0.0185769,7.21914,142.64,22.9429,4412.57
0,444,0.0183461,6.37254,123.501,19.9682,4385.87
0,445,0.0183074,5.63464,106.878,17.3455,4356.5
0,446,0.0185224,4.99073,92.4656,15.0436,4324.83
0,447,0.0190242,4.42819,79.9864,13.0308,4291.22
0,448,0.0198317,3.93616,69.1929,11.2762,4255.97
0,449,0.0209602,3.50527,59.8651,9.75054,4219.37
0,450,0.0224268,3.12748,51.8092,8.42681,4181.65
0,451,0.0242533,2.79584,44.8548,7.28023,4143.03
0,452,0.026468,2.50436,38.8528,6.28849,4103.7
0,453,0.029106,2.24784,33.6735,5.43163,4063.82
0,454,0.0322099,2.02183,29.2042,4.69196,4023.54
0,455,0.03583,1.82246,25.3469,4.05388,3982.96
0,456,0.0400246,1.64637,22.017,3.5037,3942.21
0,457,0.0448604,1.49067,19.1416,3.02947,3901.36
0,458,0.0504133,1.35285,16.6574,2.62076,3860.5
0,459,0.0567682,1.23073,14.5102,2.26854,3819.69
0,460,0.0640205,1.12244,12.6532,1.96498,3778.99
0,461,0.0722764,1.02633,11.0461,1.7033,3738.44
0,462,0.0816535,0.94099,9.65435,1.47767,3698.08
0,463,0.0922821,0.865195,8.44806,1.28303,3657.96
0,464,0.104306,0.79788,7.4017,1.11507,3618.09
0,465,0.117883,0.738128,6.49326,0.97004,3578.5
0,466,0.133187,0.685144,5.70384,0.844742,3539.21
0,467,0.150408,0.638247,5.01718,0.736417,3500.24
0,468,0.169754,0.596852,4.41931,0.642701,3461.6
0,469,0.191451,0.56046,3.8982,0.56156,3423.3
0,470,0.215748,0.52865,3.44351,0.491249,3385.35
0,471,0.242912,0.501069,3.04633,0.43027,3347.75
0,472,0.273237,0.477426,2.69901,0.377336,3310.52
0,473,0.307037,0.457487,2.39492,0.331343,3273.66
0,474,0.344655,0.44107,2.12838,0.291342,3237.16
0,475,0.386461,0.428041,1.89445,0.256515,3201.03
0,476,0.432854,0.41831,1.68891,0.226163,3165.28
0,477,0.484262,0.411829,1.50809,0.199682,3129.89
0,478,0.541146,0.408594,1.3488,0.176553,3094.88
0,479,0.604004,0.408636,1.20831,0.156328,3060.24
0,480,0.673364,0.412028,1.08423,0.138623,3025.97
0,481,0.749795,0.418877,0.974519,0.123106,2992.07
0,482,0.833903,0.429332,0.877372,0.109491,2958.53
0,483,0.926337,0.443578,0.791241,0.0975286,2925.35
0,484,1.02779,0.461839,0.714776,0.0870068,2892.54
0,485,1.13898,0.484379,0.646801,0.0777404,2860.09
0,486,1.2607,0.511503,0.586294,0.0695693,2827.99
0,487,1.39378,0.543557,0.532362,0.0623551,2796.24
0,488,1.53908,0.580932,0.484226,0.0559777,2764.85
0,489,1.69754,0.624066,0.441205,0.0503327,2733.8
0,490,1.87012,0.673443,0.402706,0.0453296,2703.09
0,491,2.05787,0.729598,0.368206,0.0408898,2672.73
0,492,2.26185,0.793118,0.33725,0.0369447,2642.7
0,493,2.48322,0.864646,0.309436,0.0334346,2613.01
0,494,2.72316,0.944885,0.284413,0.0303075,2583.65
0,495,2.98293,1.03459,0.261871,0.0275179,2554.61
0,496,3.26385,1.1346,0.241538,0.0250263,2525.9
0,497,3.56729,1.24581,0.223174,0.0227978,2497.51
0,498,3.89467,1.36917,0.206567,0.0208022,2469.43
0,499,4.24749,1.50573,0.19153,0.0190126,2441.67
0,500,4.62731,1.6566,0.177897,0.0174059,2414.22
0,501,5.03574,1.823,0.165523,0.0159614,2387.08
0,502,5.47446,2.0062,0.154277,0.0146611,2360.24
0,503,5.9452,2.20758,0.144046,0.0134892,2333.7
0,504,6.44977,2.42861,0.134725,0.0124315,2307.46
0,505,6.99003,2.67087,0.126225,0.0114759,2281.52
0,506,7.56789,2.93601,0.118465,0.0106113,2255.86
0,507,8.18533,3.22583,0.111372,0.00982806,2230.49
0,508,8.8444,3.5422,0.104883,0.00911776,2205.41
0,509,9.54718,3.88713,0.0989398,0.00847279,2180.61
0,510,10.2958,4.26275,0.0934914,0.00788645,2156.08
0,511,11.0925,4.6713,0.0884918,0.00735278,2131.84
0,512,11.9396,5.11516,0.0838999,0.00686649,2107.86
0,513,12.8393,5.59684,0.079679,0.00642288,2084.15
0,514,13.7939,6.11897,0.0757958,0.00601775,2060.71
0,515,14.8059,6.68435,0.0722207,0.00564735,2037.54
0,516,15.8778,7.2959,0.0689269,0.00530836,2014.62
0,517,17.0119,7.9567,0.0658904,0.00499779,1991.96
0,518,18.2109,8.66998,0.0630895,0.00471297,1969.56
0,519,19.4772,9.43914,0.0605046,0.00445152,1947.4
0,520,20.8135,10.2677,0.0581182,0.00421128,1925.5
0,521,22.2223,11.1594,0.0559142,0.00399034,1903.84
0,522,23.7063,12.1181,0.0538782,0.00378697,1882.43
0,523,25.2681,13.1479,0.0519973,0.00359963,1861.25
0,524,26.9103,14.2529,0.0502595,0.00342691,1840.32
0,525,28.6357,15.4376,0.0486543,0.00326756,1819.62
0,526,30.4469,16.7066,0.0471719,0.00312043,1799.15
0,527,32.3466,18.0645,0.0458035,0.00298452,1778.91
0,528,34.3374,19.5164,0.0445412,0.00285889,1758.9
0,529,36.422,21.0674,0.0433778,0.00274271,1739.12
0,530,38.6031,22.7227,0.0423066,0.00263522,1719.56
0,531,40.8832,24.4879,0.0413217,0.00253574,1700.21
0,532,43.2649,26.3687,0.0404176,0.00244365,1681.09
0,533,45.7509,28.3708,0.0395896,0.00235837,1662.18
0,534,48.3436,30.5005,0.038833,0.00227942,1643.48
0,535,51.0456,32.7638,0.038144,0.00220631,1625
0,536,53.8592,35.1674,0.0375187,0.00213863,1606.72
0,537,56.7869,37.7177,0.036954,0.00207599,1588.64
0,538,59.831,40.4216,0.0364468,0.00201805,1570.77
0,539,62.9938,43.286,0.0359944,0.0019645,1553.1
0,540,66.2774,46.3183,0.0355944,0.00191503,1535.63
0,541,69.6841,49.5256,0.0352447,0.00186939,1518.36
0,542,73.2158,52.9156,0.0349432,0.00182735,1501.28
0,543,76.8745,56.4959,0.0346883,0.00178868,1484.39
0,544,80.6621,60.2745,0.0344784,0.00175318,1467.7
0,545,84.5804,64.2593,0.0343122,0.00172068,1451.19
0,546,88.6311,68.4586,0.0341886,0.00169102,1434.86
0,547,92.8157,72.8807,0.0341065,0.00166404,1418.72
0,548,97.1357,77.5342,0.0340651,0.0016396,1402.76
0,549,101.593,82.4278,0.0340637,0.0016176,1386.98
0,550,106.188,87.5701,0.0341017,0.00159792,1371.38
0,551,110.922,92.9703,0.0340945,0.00158046,1355.95
0,552,115.796,98.6375,0.0340034,0.00156512,1340.7
0,553,120.811,104.581,0.0338209,0.00155184,1325.62
0,554,125.968,110.81,0.0335561,0.00154054,1310.71
0,555,131.268,117.333,0.0332256,0.00153115,1295.96
0,556,136.711,124.162,0.0328481,0.00152363,1281.39
0,557,142.297,131.304,0.0324426,0.00151792,1266.97
0,558,148.026,138.769,0.0320272,0.00151399,1252.72
0,559,153.899,146.569,0.031619,0.00151179,1238.63
0,560,159.915,154.711,0.0312345,0.00151131,1224.7
0,561,166.075,163.207,0.03089,0.00151251,1210.92
0,562,172.377,172.065,0.0306019,0.00151537,1197.3
0,563,178.822,181.297,0.0303877,0.0015199,1183.83
0,564,185.408,190.912,0.0302658,0.00152608,1170.51
0,565,192.135,200.919,0.0302563,0.00153391,1157.35
0,566,199.002,211.33,0.0303814,0.00154338,1144.33
0,567,206.008,222.154,0.0306658,0.00155452,1131.46
0,568,213.151,233.401,0.0311373,0.00156734,1118.73
0,569,220.43,245.081,0.0318269,0.00158184,1106.14
0,570,227.844,257.204,0.0327699,0.00159806,1093.7
0,571,235.39,269.78,0.034006,0.00161602,1081.4
0,572,243.067,282.819,0.0355799,0.00163575,1069.23
0,573,250.873,296.33,0.0376263,0.0015731,1057.21
0,574,258.805,310.323,0.0402402,0.00147427,1045.32
0,575,266.862,324.809,0.043493,0.00136986,1033.56
0,576,275.041,339.795,0.0474475,0.00127646,1021.93
0,577,283.339,355.292,0.0521681,0.00120146,1010.44
0,578,291.754,371.309,0.0577263,0.00114716,999.07
0,579,300.282,387.855,0.0642047,0.00111351,987.831
0,580,308.922,404.939,0.0716983,0.00109962,976.719
0,581,317.669,422.57,0.080316,0.00110455,965.732
0,582,326.521,440.756,0.0901817,0.00112763,954.869
0,583,335.474,459.506,0.101435,0.00116864,944.128
0,584,344.525,478.828,0.114231,0.00122784,933.507
0,585,353.67,498.73,0.128744,0.00130593,923.007
0,586,362.905,519.22,0.145167,0.0014041,912.624
0,587,372.228,540.305,0.163711,0.00152399,902.358
0,588,381.634,561.994,0.184611,0.00166767,892.208
0,589,391.119,584.292,0.208123,0.00183767,882.173
0,590,400.679,607.207,0.234528,0.002037,872.25
0,591,410.31,630.746,0.264133,0.00226913,862.439
0,592,420.007,654.915,0.297272,0.00253806,852.739
0,593,429.768,679.719,0.334311,0.00284834,843.148
0,594,439.586,705.165,0.375644,0.00320507,833.666
0,595,449.458,731.258,0.4217,0.00361402,824.29
0,596,459.38,758.003,0.472945,0.0040816,815.021
0,597,469.346,785.404,0.52988,0.00461497,805.856
0,598,479.353,813.467,0.593048,0.00522206,796.795
0,599,489.395,842.195,0.663031,0.00591167,787.836
0,600,499.468,871.593,0.740459,0.0066935,778.979
0,601,509.568,901.662,0.826006,0.00757823,770.222
0,602,519.69,932.408,0.920396,0.00857761,761.564
0,603,529.828,963.831,1.0244,0.00970453,753.005
0,604,539.979,995.935,1.13885,0.0109731,744.544
0,605,550.137,1028.72,1.26464,0.0123987,736.179
0,606,560.297,1062.19,1.40269,0.0139983,727.909
0,607,570.456,1096.34,1.55403,0.01579,719.734
0,608,580.607,1131.18,1.7197,0.0177938,711.653
0,609,590.747,1166.71,1.90086,0.0200314,703.664
0,610,600.87,1202.92,2.09869,0.022526,695.768
0,611,610.972,1239.82,2.31448,0.025303,687.963
0,612,621.048,1277.39,2.54955,0.0283898,680.249
0,613,631.093,1315.66,2.80534,0.0318157,672.625
0,614,641.102,1354.6,3.08333,0.0356125,665.089
0,615,651.071,1394.22,3.38511,0.0398142,657.643
0,616,660.994,1434.51,3.71231,0.0444573,650.284
0,617,670.868,1475.48,4.06669,0.049581,643.013
0,618,680.687,1517.11,4.45005,0.055227,635.829
0,619,690.447,1559.41,4.8643,0.0614401,628.731
0,620,700.144,1602.37,5.31144,0.0682678,621.719
0,621,709.772,1645.98,5.79353,0.0757608,614.793
0,622,719.327,1690.24,6.31276,0.0839731,607.952
0,623,728.804,1735.14,6.87137,0.0929616,601.197
0,624,738.2,1780.68,7.4717,0.102787,594.526
0,625,747.509,1826.84,8.1162,0.113514,587.941
0,626,756.727,1873.63,8.80739,0.125209,581.44
0,627,765.851,1921.03,9.54787,0.137944,575.024
0,628,774.875,1969.03,10.3404,0.151794,568.693
0,629,783.795,2017.63,11.1876,0.166839,562.447
0,630,792.608,2066.81,12.0926,0.183162,556.286
0,631,801.309,2116.57,13.0581,0.200849,550.211
0,632,809.893,2166.89,14.0874,0.219992,544.222
0,633,818.358,2217.77,15.1835,0.240686,538.319
0,634,826.698,2269.19,16.3495,0.263031,532.504
0,635,834.911,2321.14,17.5889,0.287131,526.776
0,636,842.992,2373.61,18.905,0.313094,521.137
0,637,850.938,2426.59,20.3011,0.341033,515.587
0,638,858.745,2480.06,21.7808,0.371064,510.128
0,639,866.409,2534,23.3477,0.403308,504.76
0,640,873.927,2588.41,25.0054,0.437891,499.485
0,641,881.296,2643.27,26.7576,0.474942,494.303
0,642,888.512,2698.56,28.6079,0.514595,489.217
0,643,895.573,2754.27,30.5602,0.556989,484.228
0,644,902.474,2810.38,32.6183,0.602264,479.338
0,645,909.215,2866.88,34.7861,0.650567,474.547
0,646,915.791,2923.75,37.0674,0.702049,469.859
0,647,922.2,2980.96,39.4662,0.756861,465.275
0,648,928.44,3038.51,41.9863,0.815162,460.798
0,649,934.508,3096.38,44.6318,0.877112,456.429
0,650,940.403,3154.54,47.4065,0.942875,452.171
0,651,946.122,3212.98,50.3143,1.01262,448.027
0,652,951.665,3271.67,53.3594,1.08651,443.999
0,653,957.028,3330.6,56.5454,1.16473,440.09
0,654,962.212,3389.76,59.8764,1.24744,436.304
0,655,967.214,3449.1,63.3562,1.33483,432.643
0,656,972.034,3508.63,66.9886,1.42708,429.11
0,657,976.672,3568.31,70.7774,1.52436,425.71
0,658,981.127,3628.13,74.7264,1.62685,422.445
0,659,985.399,3688.05,78.839,1.73476,419.319
0,660,989.487,3748.07,83.1191,1.84825,416.336
0,661,993.393,3808.16,87.57,1.96751,413.5
0,662,997.116,3868.3,92.1952,2.09273,410.816
0,663,1000.66,3928.46,96.9981,2.22409,408.287
0,664,1004.02,3988.62,101.982,2.36178,405.917
0,665,1007.2,4048.76,107.149,2.50599,403.712
0,666,1010.2,4108.86,112.504,2.65689,401.676
0,667,1013.02,4168.89,118.049,2.81467,399.814
0,668,1015.67,4228.84,123.786,2.9795,398.13
0,669,1018.14,4288.67,129.718,3.15157,396.631
0,670,1020.44,4348.37,135.848,3.33105,395.32
0,671,1022.57,4407.91,142.178,3.51811,394.203
0,672,1024.52,4467.28,148.711,3.71293,393.286
0,673,1026.31,4526.44,155.447,3.91565,392.574
0,674,1027.93,4585.38,162.39,4.12646,392.073
0,675,1029.38,4644.07,169.54,4.3455,391.788
0,676,1030.67,4702.49,176.899,4.57292,391.726
0,677,1031.79,4760.62,184.469,4.80887,391.891
0,678,1032.74,4818.44,192.25,5.05349,392.291
0,679,1033.52,4875.92,200.244,5.30692,392.93
0,680,1034.14,4933.05,208.45,5.56928,393.816
0,681,1034.58,4989.81,216.87,5.8407,394.955
0,682,1034.85,5046.16,225.504,6.12129,396.351
0,683,1034.95,5102.1,234.352,6.41116,398.013
0,684,1034.86,5157.59,243.413,6.71041,399.946
0,685,1034.58,5212.63,252.688,7.01913,402.156
0,686,1034.12,5267.19,262.176,7.3374,404.65
0,687,1033.45,5321.25,271.876,7.66531,407.435
0,688,1032.57,5374.78,281.787,8.00291,410.516
0,689,1031.47,5427.78,291.907,8.35028,413.899
0,690,1030.14,5480.22,302.236,8.70745,417.592
0,691,1028.57,5532.08,312.771,9.07446,421.601
0,692,1026.74,5583.33,323.511,9.45135,425.932
0,693,1024.64,5633.97,334.453,9.83814,430.59
0,694,1022.25,5683.96,345.596,10.2348,435.583
0,695,1019.56,5733.3,356.936,10.6414,440.917
0,696,1016.55,5781.94,368.471,11.0579,446.597
0,697,1013.2,5829.89,380.198,11.4843,452.629
0,698,1009.49,5877.1,392.114,11.9205,459.02
0,699,1005.4,5923.57,404.215,12.3666,465.776
0,700,1000.91,5969.26,416.497,12.8224,472.901
0,701,996.001,6014.15,428.957,13.2879,480.402
0,702,990.646,6058.22,441.591,13.763,488.284
0,703,984.828,6101.44,454.395,14.2476,496.552
0,704,978.524,6143.78,467.364,14.7417,505.212
0,705,971.714,6185.21,480.493,15.2452,514.269
0,706,964.379,6225.71,493.778,15.7579,523.727
0,707,956.501,6265.24,507.214,16.2797,533.591
0,708,948.062,6303.77,520.796,16.8104,543.866
0,709,939.046,6341.27,534.518,17.35,554.556
0,710,929.44,6377.71,548.376,17.8983,565.666
0,711,919.233,6413.04,562.363,18.4551,577.198
0,712,908.414,6447.23,576.474,19.0202,589.158
0,713,896.977,6480.23,590.703,19.5935,601.548
0,714,884.918,6512.03,605.044,20.1748,614.372
0,715,872.237,6542.56,619.491,20.7638,627.633
0,716,858.936,6571.79,634.037,21.3604,641.334
0,717,845.02,6599.67,648.677,21.9644,655.477
0,718,830.499,6626.17,663.404,22.5755,670.065
0,719,815.386,6651.23,678.211,23.1934,685.1
0,720,799.697,6674.82,693.091,23.818,700.584
0,721,783.452,6696.89,708.039,24.4491,716.518
0,722,766.673,6717.4,723.047,25.0862,732.904
0,723,749.39,6736.29,738.109,25.7293,749.742
0,724,731.63,6753.53,753.217,26.378,767.034
0,725,713.429,6769.08,768.364,27.032,784.78
0,726,694.821,6782.89,783.545,27.691,802.98
0,727,675.848,6794.92,798.75,28.3549,821.635
0,728,656.549,6805.13,813.974,29.0232,840.744
0,729,636.97,6813.49,829.209,29.6957,860.305
0,730,617.156,6819.96,844.448,30.3721,880.32
0,731,597.153,6824.51,859.685,31.052,900.785
0,732,577.011,6827.11,874.91,31.7352,921.7
0,733,556.78,6827.73,890.119,32.4214,943.063
0,734,536.507,6826.35,905.303,33.1102,964.871
0,735,516.244,6822.94,920.455,33.8014,987.123
0,736,496.039,6817.5,935.569,34.4945,1009.82
0,737,475.942,6810,950.636,35.1893,1032.95
0,738,455.999,6800.44,965.65,35.8855,1056.51
0,739,436.257,6788.81,980.604,36.5827,1080.51
0,740,416.761,6775.1,995.49,37.2806,1104.93
0,741,397.552,6759.33,1010.3,37.9788,1129.78
0,742,378.671,6741.5,1025.03,38.6771,1155.04
0,743,360.155,6721.62,1039.67,39.3751,1180.72
0,744,342.04,6699.7,1054.22,40.0725,1206.81
0,745,324.356,6675.76,1068.67,40.7689,1233.3
0,746,307.133,6649.82,1083,41.464,1260.19
0,747,290.396,6621.9,1097.22,42.1576,1287.47
0,748,274.168,6592.04,1111.32,42.8491,1315.14
0,749,258.468,6560.27,1125.29,43.5384,1343.19
0,750,243.311,6526.63,1139.12,44.2251,1371.61
0,751,228.711,6491.14,1152.81,44.9089,1400.4
0,752,214.678,6453.86,1166.35,45.5894,1429.55
0,753,201.216,6414.82,1179.74,46.2663,1459.06
0,754,188.331,6374.08,1192.96,46.9394,1488.9
0,755,176.022,6331.67,1206.02,47.6082,1519.09
0,756,164.288,6287.65,1218.9,48.2726,1549.6
0,757,153.124,6242.07,1231.61,48.932,1580.44
0,758,142.524,6194.97,1244.12,49.5863,1611.58
0,759,132.479,6146.42,1256.45,50.2352,1643.03
0,760,122.977,6096.47,1268.58,50.8783,1674.78
0,761,114.007,6045.16,1280.51,51.5153,1706.81
0,762,105.555,5992.55,1292.23,52.1459,1739.12
0,763,97.6043,5938.71,1303.74,52.7699,1771.69
0,764,90.1396,5883.67,1315.03,53.3869,1804.53
0,765,83.1435,5827.5,1326.09,53.9966,1837.61
0,766,76.5979,5770.24,1336.93,54.5988,1870.93
0,767,70.4841,5711.96,1347.54,55.1932,1904.47
0,768,64.7833,5652.69,1357.9,55.7795,1938.23
0,769,59.4762,5592.49,1368.03,56.3574,1972.2
0,770,54.5435,5531.42,1377.92,56.9266,2006.37
0,771,49.9661,5469.51,1387.55,57.487,2040.72
0,772,45.7249,5406.81,1396.93,58.0381,2075.24
0,773,41.8011,5343.37,1406.06,58.5799,2109.92
0,774,38.1761,5279.24,1414.93,59.1119,2144.76
0,775,34.8322,5214.45,1423.53,59.6341,2179.74
0,776,31.7516,5149.06,1431.88,60.146,2214.84
0,777,28.9177,5083.08,1439.96,60.6476,2250.07
0,778,26.3139,5016.57,1447.77,61.1386,2285.39
0,779,23.9248,4949.57,1455.31,61.6188,2320.82
0,780,21.7353,4882.09,1462.58,62.0879,2356.32
0,781,19.7312,4814.19,1469.58,62.5458,2391.89
0,782,17.8989,4745.89,1476.31,62.9923,2427.52
0,783,16.2255,4677.23,1482.76,63.4272,2463.2
0,784,14.699,4608.22,1488.94,63.8504,2498.91
0,785,13.3079,4538.91,1494.85,64.2616,2534.64
0,786,12.0415,4469.31,1500.49,64.6608,2570.38
0,787,10.8897,4399.46,1505.86,65.0478,2606.12
0,788,9.84311,4329.37,1510.96,65.4226,2641.84
0,789,8.89298,4259.07,1515.79,65.7849,2677.53
0,790,8.03114,4188.59,1520.35,66.1347,2713.19
0,791,7.25002,4117.94,1524.64,66.472,2748.79
0,792,6.54259,4047.15,1528.67,66.7967,2784.34
0,793,5.90238,3976.23,1532.44,67.1088,2819.8
0,794,5.32339,3905.21,1535.94,67.4081,2855.18
0,795,4.80009,3834.09,1539.19,67.6948,2890.46
0,796,4.32742,3762.92,1542.17,67.9689,2925.63
0,797,3.90072,3691.69,1544.9,68.2303,2960.68
0,798,3.51572,3620.42,1547.37,68.4791,2995.6
0,799,3.1685,3549.15,1549.58,68.7153,3030.37
0,800,2.85549,3477.87,1551.53,68.9391,3064.98
0,801,2.57344,3406.61,1553.23,69.1505,3099.43
0,802,2.31937,3335.4,1554.66,69.3496,3133.71
0,803,2.09058,3264.23,1555.83,69.5366,3167.8
0,804,1.8846,3193.14,1556.73,69.7114,3201.69
0,805,1.69921,3122.15,1557.36,69.8744,3235.37
0,806,1.53238,3051.27,1557.72,70.0255,3268.84
0,807,1.38227,2980.52,1557.79,70.1649,3302.09
0,808,1.24722,2909.93,1557.57,70.2927,3335.1
0,809,1.12573,2839.52,1557.05,70.4091,3367.86
0,810,1.01644,2769.31,1556.22,70.5142,3400.37
0,811,0.91812,2699.32,1555.07,70.6079,3432.63
0,812,0.829672,2629.59,1553.58,70.6905,3464.61
0,813,0.750096,2560.15,1551.74,70.7619,3496.32
0,814,0.678494,2491.01,1549.53,70.8222,3527.74
0,815,0.614055,2422.21,1546.93,70.8714,3558.87
0,816,0.556053,2353.78,1543.93,70.9092,3589.69
0,817,0.503832,2285.76,1540.49,70.9358,3620.21
0,818,0.456806,2218.18,1536.61,70.9508,3650.41
0,819,0.414444,2151.08,1532.25,70.9541,3680.29
0,820,0.376273,2084.5,1527.39,70.9454,3709.83
0,821,0.341866,2018.46,1522.01,70.9243,3739.03
0,822,0.31084,1953.03,1516.07,70.8903,3767.89
0,823,0.282852,1888.22,1509.55,70.843,3796.38
0,824,0.257595,1824.1,1502.43,70.7817,3824.51
0,825,0.234791,1760.7,1494.66,70.7058,3852.26
0,826,0.214193,1698.06,1486.23,70.6144,3879.62
0,827,0.195579,1636.24,1477.1,70.5068,3906.58
0,828,0.17875,1575.27,1467.26,70.3818,3933.13
0,829,0.163526,1515.2,1456.67,70.2386,3959.25
0,830,0.149748,1456.07,1445.3,70.0758,3984.94
0,831,0.137273,1397.93,1433.14,69.8924,4010.18
0,832,0.12597,1340.83,1420.17,69.687,4034.95
0,833,0.115725,1284.79,1406.35,69.4582,4059.24
0,834,0.106434,1229.87,1391.69,69.2046,4083.02
0,835,0.0980037,1176.11,1376.17,68.9246,4106.29
0,836,0.0903509,1123.54,1359.76,68.6168,4129.01
0,837,0.0834007,1072.19,1342.48,68.2796,4151.17
0,838,0.0770856,1022.11,1324.32,67.9113,4172.74
0,839,0.0713453,973.319,1305.27,67.5104,4193.7
0,840,0.0661255,925.847,1285.35,67.0754,4214.02
0,841,0.0613774,879.721,1264.56,66.6047,4233.69
0,842,0.0570572,834.962,1242.93,66.0968,4252.65
0,843,0.0531254,791.589,1220.46,65.5503,4270.9
0,844,0.0495466,749.617,1197.19,64.964,4288.4
0,845,0.046289,709.058,1173.14,64.3366,4305.11
0,846,0.0433238,669.92,1148.35,63.6672,4321.01
0,847,0.0406253,632.209,1122.86,62.9549,4336.06
0,848,0.0381701,595.924,1096.71,62.1989,4350.22
0,849,0.0359376,561.063,1069.93,61.3987,4363.48
0,850,0.0339087,527.62,1042.6,60.5541,4375.78
0,851,0.0320668,495.585,1014.75,59.665,4387.1
0,852,0.0303967,464.945,986.457,58.7316,4397.4
0,853,0.0288847,435.683,957.767,57.7543,4406.66
0,854,0.0275187,407.78,928.747,56.7338,4414.83
0,855,0.026288,381.213,899.462,55.6712,4421.89
0,856,0.0251827,355.956,869.978,54.5675,4427.81
0,857,0.0241943,331.981,840.362,53.4244,4432.56
0,858,0.0233153,309.258,810.684,52.2435,4436.11
0,859,0.0225391,287.754,781.01,51.027,4438.45
0,860,0.0218598,267.435,751.408,49.7771,4439.53
0,861,0.0212727,248.264,721.946,48.4962,4439.36
0,862,0.0207735,230.204,692.689,47.1872,4437.91
0,863,0.020359,213.216,663.701,45.853,4435.17
0,864,0.0200264,197.26,635.043,44.4967,4431.12
0,865,0.0197739,182.296,606.775,43.1215,4425.76
0,866,0.0196003,168.282,578.954,41.7308,4419.09
0,867,0.0195051,155.178,551.631,40.3281,4411.1
0,868,0.0194886,142.941,524.857,38.9171,4401.8
0,869,0.0195517,131.532,498.678,37.5013,4391.19
0,870,0.0196961,120.908,473.134,36.0843,4379.29
0,871,0.0199245,111.03,448.264,34.6698,4366.1
0,872,0.0202403,101.858,424.102,33.2614,4351.65
0,873,0.0206477,93.3525,400.676,31.8626,4335.95
0,874,0.0211523,85.4764,378.011,30.4768,4319.03
0,875,0.0217602,78.1924,356.127,29.1072,4300.92
0,876,0.0224792,71.4647,335.042,27.7571,4281.63
0,877,0.0233182,65.2587,314.766,26.4293,4261.22
0,878,0.0242873,59.541,295.308,25.1268,4239.71
0,879,0.0253984,54.2797,276.672,23.8521,4217.14
0,880,0.0266651,49.4441,258.858,22.6076,4193.54
0,881,0.028103,45.005,241.862,21.3954,4168.97
0,882,0.0297295,40.9344,225.679,20.2175,4143.46
0,883,0.0315648,37.2059,210.298,19.0755,4117.06
0,884,0.0336314,33.7944,195.708,17.9709,4089.82
0,885,0.035955,30.6763,181.893,16.9049,4061.78
0,886,0.0385643,27.8293,168.835,15.8783,4032.99
0,887,0.0414917,25.2324,156.516,14.8921,4003.49
0,888,0.0447737,22.8658,144.914,13.9465,3973.34
0,889,0.0484511,20.7112,134.007,13.042,3942.59
0,890,0.0525698,18.7514,123.77,12.1785,3911.28
0,891,0.0571809,16.9702,114.179,11.356,3879.45
0,892,0.0623418,15.3528,105.207,10.5741,3847.16
0,893,0.0681163,13.8853,96.829,9.83223,3814.45
0,894,0.0745754,12.5548,89.0178,9.12987,3781.37
0,895,0.0817984,11.3496,81.7465,8.46619,3747.96
0,896,0.0898731,10.2585,74.9882,7.84027,3714.26
0,897,0.0988969,9.27152,68.7162,7.2511,3680.32
0,898,0.108978,8.37934,62.9043,6.69754,3646.16
0,899,0.120235,7.57339,57.5264,6.17841,3611.84
0,900,0.132801,6.84585,52.5573,5.69243,3577.38
0,901,0.14682,6.18954,47.9721,5.23831,3542.83
0,902,0.162452,5.59789,43.7471,4.81468,3508.21
0,903,0.179872,5.06493,39.859,4.42017,3473.56
0,904,0.199273,4.5852,36.2855,4.05338,3438.9
0,905,0.220866,4.15375,33.0054,3.71293,3404.27
0,906,0.24488,3.76607,29.9981,3.39742,3369.68
0,907,0.271567,3.41807,27.2443,3.10547,3335.17
0,908,0.301199,3.10607,24.7255,2.83575,3300.75
0,909,0.334075,2.82674,22.4241,2.58691,3266.46
0,910,0.370517,2.57707,20.3237,2.35767,3232.29
0,911,0.410874,2.35437,18.4087,2.14679,3198.29
0,912,0.455524,2.15622,16.6645,1.95305,3164.45
0,913,0.504875,1.98046,15.0773,1.7753,3130.81
0,914,0.559367,1.82517,13.6344,1.61242,3097.36
0,915,0.619473,1.68866,12.3238,1.46335,3064.13
0,916,0.685701,1.56943,11.1343,1.32708,3031.12
0,917,0.758597,1.46616,10.0557,1.20267,2998.35
0,918,0.838744,1.37773,9.07836,1.0892,2965.82
0,919,0.926766,1.30315,8.1934,0.985817,2933.54
0,920,1.02333,1.2416,7.39266,0.891727,2901.52
0,921,1.12914,1.1924,6.66859,0.806177,2869.77
0,922,1.24495,1.155,6.01424,0.728466,2838.29
0,923,1.37157,1.12897,5.42323,0.657937,2807.09
0,924,1.50984,1.11399,4.88972,0.593983,2776.17
0,925,1.66066,1.10988,4.40834,0.536038,2745.53
0,926,1.82498,1.11654,3.97419,0.483578,2715.18
0,927,2.00381,1.13399,3.5828,0.436118,2685.12
0,928,2.19819,1.16234,3.23009,0.393211,2655.35
0,929,2.40925,1.20181,2.91233,0.354446,2625.87
0,930,2.63815,1.25271,2.62614,0.319443,2596.68
0,931,2.88612,1.31545,2.36846,0.287855,2567.79
0,932,3.15443,1.39052,2.13648,0.259365,2539.19
0,933,3.44444,1.47853,1.92767,0.233679,2510.88
0,934,3.75754,1.58017,1.73976,0.210532,2482.87
0,935,4.09521,1.69622,1.57065,0.189682,2455.15
0,936,4.45895,1.82757,1.41848,0.170906,2427.72
0,937,4.85037,1.97521,1.28155,0.154004,2400.57
0,938,5.2711,2.14022,1.15833,0.138793,2373.72
0,939,5.72286,2.32379,1.04744,0.125106,2347.16
0,940,6.20741,2.52723,0.947634,0.112793,2320.88
0,941,6.72659,2.75192,0.857796,0.101718,2294.88
0,942,7.28228,2.99939,0.776915,0.0917571,2269.16
0,943,7.87643,3.27126,0.704083,0.0827988,2243.73
0,944,8.51106,3.56928,0.638484,0.0747423,2218.57
0,945,9.18823,3.89533,0.579384,0.0674968,2193.68
0,946,9.91006,4.25138,0.526123,0.0609803,2169.07
0,947,10.6787,4.63956,0.478109,0.0551188,2144.73
0,948,11.4965,5.06212,0.43481,0.0498459,2120.66
0,949,12.3655,5.52145,0.395747,0.0451017,2096.85
0,950,13.2883,6.02007,0.360494,0.0408323,2073.31
0,951,14.2671,6.56066,0.328665,0.0369892,2050.02
0,952,15.3044,7.14602,0.299914,0.0335291,2027
0,953,16.4026,7.77912,0.273933,0.0304128,2004.23
0,954,17.5642,8.46308,0.250444,0.0276052,1981.71
0,955,18.7918,9.20117,0.229198,0.0250749,1959.44
0,956,20.0879,9.99684,0.209972,0.0227935,1937.42
0,957,21.4551,10.8537,0.192564,0.0207359,1915.65
0,958,22.8961,11.7755,0.176796,0.0188791,1894.12
0,959,24.4134,12.7661,0.162506,0.017203,1872.83
0,960,26.0097,13.8297,0.149549,0.0156891,1851.78
0,961,27.6877,14.9707,0.137796,0.0143211,1830.96
0,962,29.4501,16.1933,0.127131,0.0130844,1810.38
0,963,31.2994,17.5023,0.117448,0.0119657,1790.02
0,964,33.2385,18.9026,0.108653,0.0109533,1769.9
0,965,35.2698,20.399,0.100664,0.0100365,1750
0,966,37.3962,21.9969,0.0934025,0.009206,1730.32
0,967,39.6202,23.7016,0.0868021,0.00845313,1710.86
0,968,41.9445,25.5187,0.0808014,0.00777032,1691.62
0,969,44.3716,27.4539,0.0753453,0.00715072,1672.6
0,970,46.904,29.5132,0.0703845,0.00658819,1653.79
0,971,49.5443,31.7027,0.0658748,0.00607721,1635.19
0,972,52.295,34.0287,0.0617761,0.00561284,1616.8
0,973,55.1584,36.4979,0.0580528,0.00519063,1598.62
0,974,58.137,39.1168,0.0546727,0.00480659,1580.64
0,975,61.233,41.8923,0.051607,0.00445714,1562.86
0,976,64.4487,44.8316,0.0488298,0.00413904,1545.29
0,977,67.7863,47.9419,0.0463179,0.0038494,1527.91
0,978,71.2477,51.2306,0.0440507,0.0035856,1510.72
0,979,74.8352,54.7053,0.0420097,0.0033453,1493.73
0,980,78.5505,58.3738,0.0401785,0.00312639,1476.93
0,981,82.3956,62.2441,0.0385426,0.00292696,1460.31
0,982,86.3722,66.3242,0.0370893,0.0027453,1443.89
0,983,90.4818,70.6225,0.0358074,0.00257987,1427.65
0,984,94.7261,75.1474,0.0346873,0.00242929,1411.59
0,985,99.1065,79.9074,0.0337207,0.00229229,1395.71
0,986,103.624,84.9113,0.0329009,0.00216775,1380.01
0,987,108.281,90.1679,0.0322222,0.00205467,1364.49
0,988,113.077,95.6863,0.0316804,0.00195213,1349.14
0,989,118.013,101.476,0.0312724,0.00185932,1333.96
0,990,123.092,107.545,0.0309964,0.00177551,1318.96
0,991,128.312,113.904,0.0308519,0.00170005,1304.12
0,992,133.675,120.562,0.0308394,0.00163235,1289.45
0,993,139.181,127.528,0.0309609,0.00157191,1274.95
0,994,144.83,134.813,0.0312198,0.00151826,1260.61
0,995,150.624,142.425,0.0316206,0.00147101,1246.43
0,996,156.56,150.375,0.0321697,0.00142982,1232.41
0,997,162.64,158.673,0.0328747,0.0013944,1218.54
0,998,168.863,167.328,0.0337452,0.0013645,1204.84
0,999,175.229,176.35,0.0347926,0.00133993,1191.28
0,1000,181.737,185.75,0.0360302,0.00132054,1177.88
0,1001,188.386,195.537,0.0374736,0.00130621,1164.63
0,1002,195.175,205.721,0.0391411,0.00129689,1151.53
0,1003,202.104,216.313,0.0410533,0.00129256,1138.58
0,1004,209.171,227.323,0.043234,0.00129325,1125.77
0,1005,216.375,238.76,0.0457104,0.00129903,1113.11
0,1006,223.714,250.634,0.0485131,0.00131002,1100.59
0,1007,231.187,262.956,0.0516769,0.0013264,1088.21
0,1008,238.792,275.734,0.0552411,0.0013484,1075.96
0,1009,246.527,288.98,0.0592499,0.0013763,1063.86
0,1010,254.39,302.703,0.0637531,0.00141047,1051.89
0,1011,262.378,316.912,0.0688065,0.00145131,1040.06
0,1012,270.489,331.617,0.0744726,0.00149932,1028.36
0,1013,278.722,346.827,0.0808214,0.00155508,1016.79
0,1014,287.072,362.552,0.087931,0.00161927,1005.36
0,1015,295.538,378.801,0.0958884,0.00169264,994.049
0,1016,304.116,395.582,0.104791,0.00177609,982.867
0,1017,312.804,412.906,0.114746,0.00187062,971.812
0,1018,321.598,430.78,0.125874,0.00197738,960.881
0,1019,330.496,449.213,0.138306,0.00209767,950.073
0,1020,339.493,468.214,0.152191,0.00223297,939.387
0,1021,348.586,487.79,0.16769,0.00238493,928.821
0,1022,357.771,507.95,0.184982,0.00255545,918.374
0,1023,367.046,528.701,0.204265,0.00274663,908.045
0,1024,376.406,550.051,0.225755,0.00296087,897.832
0,1025,385.846,572.007,0.24969,0.00320085,887.734
0,1026,395.364,594.575,0.276332,0.00346957,877.751
0,1027,404.956,617.764,0.305965,0.0037704,867.879
0,1028,414.616,641.579,0.338903,0.00410711,858.119
0,1029,424.341,666.027,0.375485,0.00448393,848.47
0,1030,434.126,691.112,0.416082,0.00490556,838.929
0,1031,443.968,716.842,0.461098,0.00537724,829.496
0,1032,453.861,743.221,0.51097,0.00590481,820.169
0,1033,463.802,770.254,0.566171,0.00649477,810.948
0,1034,473.785,797.945,0.627216,0.00715432,801.832
0,1035,483.807,826.3,0.694658,0.00789143,792.818
0,1036,493.862,855.322,0.769094,0.00871494,783.907
0,1037,503.945,885.014,0.851168,0.00963458,775.097
0,1038,514.053,915.38,0.941571,0.0106611,766.386
0,1039,524.181,946.423,1.04105,0.0118063,757.775
0,1040,534.323,978.145,1.15038,0.0130833,749.262
0,1041,544.475,1010.55,1.27044,0.0145062,740.846
0,1042,554.632,1043.63,1.40212,0.0160907,732.526
0,1043,564.79,1077.4,1.54639,0.0178538,724.301
0,1044,574.943,1111.86,1.70429,0.019814,716.171
0,1045,585.087,1147,1.8769,0.0219918,708.134
0,1046,595.217,1182.82,2.0654,0.0244091,700.189
0,1047,605.328,1219.34,2.27101,0.0270897,692.336
0,1048,615.416,1256.53,2.49504,0.0300596,684.575
0,1049,625.475,1294.41,2.73888,0.0333467,676.903
0,1050,635.501,1332.97,3.00396,0.0369811,669.321
0,1051,645.49,1372.21,3.29184,0.0409955,661.828
0,1052,655.435,1412.12,3.60411,0.0454248,654.424
0,1053,665.334,1452.71,3.94248,0.0503065,647.107
0,1054,675.18,1493.97,4.30872,0.0556808,639.877
0,1055,684.97,1535.89,4.70469,0.0615908,632.734
0,1056,694.698,1578.48,5.13234,0.0680823,625.678
0,1057,704.361,1621.72,5.59371,0.0752045,618.707
0,1058,713.953,1665.62,6.09092,0.0830095,611.822
0,1059,723.47,1710.16,6.62618,0.0915526,605.022
0,1060,732.908,1755.33,7.20179,0.100893,598.307
0,1061,742.262,1801.15,7.82015,0.111092,591.677
0,1062,751.527,1847.58,8.48372,0.122216,585.131
0,1063,760.7,1894.63,9.19509,0.134336,578.671
0,1064,769.776,1942.29,9.95691,0.147523,572.295
0,1065,778.751,1990.56,10.7719,0.161855,566.004
0,1066,787.621,2039.41,11.643,0.177414,559.799
0,1067,796.38,2088.84,12.573,0.194284,553.678
0,1068,805.027,2138.84,13.5649,0.212555,547.644
0,1069,813.555,2189.41,14.6219,0.232321,541.695
0,1070,821.962,2240.52,15.7471,0.253678,535.833
0,1071,830.243,2292.17,16.9438,0.276729,530.059
0,1072,838.395,2344.35,18.2153,0.301579,524.373
0,1073,846.414,2397.03,19.5649,0.32834,518.775
0,1074,854.296,2450.22,20.9962,0.357126,513.267
0,1075,862.037,2503.89,22.5127,0.388055,507.85
0,1076,869.635,2558.04,24.118,0.421252,502.525
0,1077,877.085,2612.64,25.8157,0.456843,497.292
0,1078,884.385,2667.68,27.6095,0.494961,492.155
0,1079,891.53,2723.15,29.5032,0.535741,487.113
0,1080,898.519,2779.03,31.5006,0.579323,482.168
0,1081,905.349,2835.31,33.6056,0.625851,477.323
0,1082,912.015,2891.96,35.8219,0.675473,472.579
0,1083,918.517,2948.97,38.1536,0.728341,467.938
0,1084,924.85,3006.33,40.6044,0.78461,463.402
0,1085,931.014,3064.01,43.1785,0.844439,458.973
0,1086,937.005,3122,45.8796,0.90799,454.654
0,1087,942.822,3180.27,48.7117,0.975429,450.447
0,1088,948.463,3238.82,51.6789,1.04692,446.355
0,1089,953.927,3297.61,54.7849,1.12265,442.38
0,1090,959.211,3356.63,58.0338,1.20277,438.526
0,1091,964.315,3415.86,61.4293,1.28747,434.795
0,1092,969.237,3475.28,64.9754,1.37693,431.191
0,1093,973.978,3534.87,68.6758,1.47132,427.717
0,1094,978.536,3594.6,72.5343,1.57084,424.376
0,1095,982.91,3654.46,76.5545,1.67565,421.173
0,1096,987.102,3714.42,80.7402,1.78595,418.11
0,1097,991.11,3774.46,85.0949,1.90192,415.192
0,1098,994.936,3834.56,89.622,2.02375,412.423
0,1099,998.58,3894.7,94.3249,2.15162,409.807
0,1100,1002.04,3954.86,99.2069,2.28572,407.348
0,1101,1005.32,4015,104.271,2.42623,405.051
0,1102,1008.43,4075.12,109.521,2.57334,402.92
0,1103,1011.35,4135.18,114.959,2.72722,400.96
0,1104,1014.1,4195.17,120.588,2.88807,399.176
0,1105,1016.67,4255.05,126.411,3.05605,397.573
0,1106,1019.07,4314.82,132.431,3.23135,396.156
0,1107,1021.29,4374.45,138.649,3.41413,394.931
0,1108,1023.34,4433.9,145.068,3.60458,393.901
0,1109,1025.23,4493.17,151.69,3.80285,393.074
0,1110,1026.94,4552.22,158.518,4.0091,392.455
0,1111,1028.49,4611.05,165.552,4.22351,392.048
0,1112,1029.87,4669.61,172.795,4.44622,391.861
0,1113,1031.08,4727.9,180.247,4.67738,391.898
0,1114,1032.12,4785.89,187.91,4.91714,392.166
0,1115,1033,4843.55,195.785,5.16563,392.671
0,1116,1033.71,4900.87,203.873,5.42298,393.418
0,1117,1034.25,4957.83,212.174,5.68933,394.415
0,1118,1034.62,5014.4,220.689,5.96478,395.666
0,1119,1034.82,5070.56,229.418,6.24946,397.179
0,1120,1034.83,5126.3,238.361,6.54346,398.96
0,1121,1034.66,5181.59,247.517,6.84689,401.014
0,1122,1034.3,5236.4,256.887,7.15983,403.349
0,1123,1033.74,5290.73,266.469,7.48236,405.97
0,1124,1032.98,5344.56,276.263,7.81455,408.885
0,1125,1032.01,5397.85,286.267,8.15648,412.099
0,1126,1030.81,5450.59,296.48,8.50818,415.618
0,1127,1029.37,5502.77,306.901,8.86971,419.45
0,1128,1027.68,5554.35,317.528,9.2411,423.6
0,1129,1025.74,5605.33,328.358,9.62238,428.074
0,1130,1023.51,5655.67,339.39,10.0136,432.88
0,1131,1020.99,5705.37,350.621,10.4147,438.023
0,1132,1018.16,5754.39,362.049,10.8257,443.508
0,1133,1015,5802.72,373.67,11.2466,449.343
0,1134,1011.49,5850.34,385.481,11.6773,455.534
0,1135,1007.62,5897.22,397.48,12.1179,462.085
0,1136,1003.35,5943.33,409.662,12.5683,469.003
0,1137,998.673,5988.66,422.024,13.0284,476.294
0,1138,993.566,6033.19,434.562,13.4982,483.963
0,1139,988.006,6076.87,447.272,13.9776,492.015
0,1140,981.973,6119.7,460.15,14.4664,500.456
0,1141,975.445,6161.63,473.191,14.9647,509.291
0,1142,968.403,6202.64,486.39,15.4723,518.524
0,1143,960.828,6242.71,499.743,15.9891,528.162
0,1144,952.701,6281.79,513.244,16.5149,538.207
0,1145,944.006,6319.86,526.888,17.0496,548.665
0,1146,934.729,6356.89,540.671,17.5931,559.541
0,1147,924.856,6392.82,554.586,18.1452,570.837
0,1148,914.376,6427.64,568.628,18.7057,582.559
0,1149,903.283,6461.31,582.792,19.2746,594.709
0,1150,891.569,6493.77,597.07,19.8514,607.291
0,1151,879.233,6525,611.458,20.4362,620.308
0,1152,866.276,6554.95,625.948,21.0287,633.764
0,1153,852.701,6583.58,640.535,21.6286,647.66
0,1154,838.515,6610.85,655.213,22.2357,662
0,1155,823.729,6636.7,669.974,22.8499,676.786
0,1156,808.358,6661.11,684.813,23.4709,692.02
0,1157,792.419,6684.02,699.722,24.0983,707.703
0,1158,775.935,6705.4,714.695,24.7321,723.837
0,1159,758.929,6725.18,729.725,25.3719,740.424
0,1160,741.431,6743.34,744.806,26.0174,757.463
0,1161,723.473,6759.83,759.929,26.6685,774.956
0,1162,705.088,6774.6,775.089,27.3247,792.904
0,1163,686.314,6787.62,790.278,27.9859,811.306
0,1164,667.193,6798.84,805.489,28.6517,830.161
0,1165,647.766,6808.23,820.715,29.3218,849.471
0,1166,628.079,6815.75,835.949,29.996,869.233
0,1167,608.177,6821.37,851.184,30.6739,889.447
0,1168,588.11,6825.05,866.413,31.3553,910.111
0,1169,567.924,6826.77,881.627,32.0398,931.225
0,1170,547.671,6826.5,896.821,32.727,952.785
0,1171,527.4,6824.21,911.988,33.4168,974.79
0,1172,507.16,6819.9,927.119,34.1088,997.237
0,1173,487,6813.54,942.207,34.8025,1020.12
0,1174,466.969,6805.12,957.247,35.4979,1043.45
0,1175,447.114,6794.64,972.23,36.1944,1067.2
0,1176,427.479,6782.09,987.149,36.8918,1091.39
0,1177,408.109,6767.47,1002,37.5897,1116
0,1178,389.045,6750.78,1016.77,38.2878,1141.03
0,1179,370.325,6732.04,1031.46,38.9858,1166.47
0,1180,351.987,6711.25,1046.05,39.6834,1192.33
0,1181,334.063,6688.43,1060.55,40.3802,1218.6
0,1182,316.585,6663.6,1074.94,41.0758,1245.26
0,1183,299.579,6636.78,1089.22,41.7701,1272.33
0,1184,283.069,6608,1103.38,42.4625,1299.78
0,1185,267.077,6577.29,1117.41,43.1529,1327.61
0,1186,251.62,6544.69,1131.32,43.8408,1355.83
0,1187,236.714,6510.22,1145.08,44.526,1384.41
0,1188,222.368,6473.94,1158.7,45.2081,1413.36
0,1189,208.591,6435.88,1172.17,45.8868,1442.66
0,1190,195.388,6396.08,1185.48,46.5618,1472.31
0,1191,182.762,6354.59,1198.62,47.2328,1502.31
0,1192,170.712,6311.47,1211.6,47.8994,1532.63
0,1193,159.235,6266.76,1224.4,48.5613,1563.29
0,1194,148.325,6220.5,1237.02,49.2183,1594.25
0,1195,137.976,6172.76,1249.45,49.8699,1625.53
0,1196,128.176,6123.59,1261.68,50.516,1657.11
0,1197,118.914,6073.03,1273.72,51.1561,1688.98
0,1198,110.178,6021.15,1285.55,51.79,1721.13
0,1199,101.952,5968,1297.18,52.4175,1753.55
0,1200,94.2214,5913.62,1308.58,53.0381,1786.23
0,1201,86.9687,5858.08,1319.77,53.6517,1819.17
0,1202,80.1764,5801.43,1330.73,54.2579,1852.35
0,1203,73.8263,5743.72,1341.47,54.8564,1885.77
0,1204,67.8996,5685,1351.97,55.447,1919.4
0,1205,62.3771,5625.32,1362.23,56.0293,1953.25
0,1206,57.2397,5564.74,1372.24,56.6032,1987.3
0,1207,52.4681,5503.29,1382.02,57.1683,2021.54
0,1208,48.0431,5441.04,1391.54,57.7244,2055.96
0,1209,43.9458,5378.02,1400.81,58.2712,2090.55
0,1210,40.1575,5314.28,1409.82,58.8085,2125.29
0,1211,36.66,5249.86,1418.57,59.336,2160.19
0,1212,33.4356,5184.8,1427.06,59.8536,2195.21
0,1213,30.4669,5119.15,1435.29,60.3608,2230.37
0,1214,27.7374,5052.95,1443.25,60.8576,2265.63
0,1215,25.2311,4986.22,1450.94,61.3437,2300.99
0,1216,22.9326,4919.01,1458.36,61.8189,2336.44
0,1217,20.8272,4851.35,1465.51,62.283,2371.97
0,1218,18.901,4783.28,1472.39,62.7358,2407.56
0,1219,17.1409,4714.82,1479,63.1771,2443.21
0,1220,15.5342,4646.01,1485.34,63.6068,2478.89
0,1221,14.0691,4576.87,1491.4,64.0246,2514.6
0,1222,12.7346,4507.44,1497.19,64.4305,2550.33
0,1223,11.5202,4437.73,1502.71,64.8243,2586.06
0,1224,10.4161,4367.78,1507.96,65.2059,2621.79
0,1225,9.41327,4297.6,1512.94,65.5752,2657.49
0,1226,8.50319,4227.23,1517.66,65.932,2693.16
0,1227,7.67795,4156.68,1522.1,66.2764,2728.79
0,1228,6.93024,4085.97,1526.28,66.6082,2764.36
0,1229,6.25328,4015.13,1530.2,66.9273,2799.86
0,1230,5.64081,3944.17,1533.85,67.2338,2835.29
0,1231,5.08705,3873.11,1537.24,67.5277,2870.62
0,1232,4.58669,3801.97,1540.37,67.8088,2905.84
0,1233,4.13484,3730.78,1543.24,68.0774,2940.95
0,1234,3.72702,3659.54,1545.86,68.3333,2975.94
0,1235,3.35912,3588.27,1548.22,68.5766,3010.78
0,1236,3.02738,3517,1550.31,68.8075,3045.48
0,1237,2.72838,3445.74,1552.15,69.0259,3080.02
0,1238,2.45898,3374.5,1553.73,69.2319,3114.39
0,1239,2.21634,3303.31,1555.05,69.4258,3148.58
0,1240,1.99786,3232.19,1556.1,69.6075,3182.57
0,1241,1.80118,3161.15,1556.89,69.7771,3216.37
0,1242,1.62417,3090.21,1557.4,69.9349,3249.96
0,1243,1.46489,3019.39,1557.63,70.081,3283.32
0,1244,1.32158,2948.72,1557.58,70.2154,3316.46
0,1245,1.19265,2878.21,1557.23,70.3382,3349.36
0,1246,1.07666,2807.89,1556.57,70.4497,3382.01
0,1247,0.972314,2737.79,1555.6,70.5498,3414.4
0,1248,0.878446,2667.92,1554.3,70.6387,3446.53
0,1249,0.793995,2598.32,1552.65,70.7164,3478.39
0,1250,0.71801,2529.01,1550.65,70.783,3509.97
0,1251,0.649631,2460.03,1548.27,70.8384,3541.26
0,1252,0.588089,2391.4,1545.49,70.8827,3572.25
0,1253,0.532687,2323.16,1542.3,70.9156,3602.94
0,1254,0.482802,2255.34,1538.67,70.9371,3633.31
0,1255,0.437872,2187.97,1534.58,70.947,3663.37
0,1256,0.397392,2121.1,1530,70.945,3693.09
0,1257,0.360911,2054.77,1524.91,70.9309,3722.48
0,1258,0.328022,1989,1519.28,70.9041,3751.53
0,1259,0.298359,1923.85,1513.09,70.8643,3780.22
0,1260,0.271595,1859.36,1506.3,70.8108,3808.55
0,1261,0.247437,1795.56,1498.89,70.7431,3836.51
0,1262,0.225622,1732.5,1490.83,70.6604,3864.08
0,1263,0.205913,1670.23,1482.09,70.5619,3891.26
0,1264,0.188097,1608.78,1472.65,70.4466,3918.04
0,1265,0.171986,1548.22,1462.47,70.3136,3944.4
0,1266,0.157409,1488.57,1451.54,70.1618,3970.34
0,1267,0.144214,1429.89,1439.82,69.99,3995.82
0,1268,0.132262,1372.21,1427.3,69.7968,4020.85
0,1269,0.121432,1315.58,1413.95,69.5811,4045.41
0,1270,0.111612,1260.05,1399.76,69.3414,4069.47
0,1271,0.102705,1205.65,1384.72,69.0761,4093.02
0,1272,0.0946219,1152.42,1368.8,68.7839,4116.05
0,1273,0.0872823,1100.39,1352.01,68.4631,4138.52
0,1274,0.080615,1049.61,1334.33,68.1121,4160.41
0,1275,0.0745559,1000.11,1315.77,67.7295,4181.72
0,1276,0.0690473,951.91,1296.34,67.3135,4202.39
0,1277,0.0640374,905.042,1276.03,66.8627,4222.42
0,1278,0.0594796,859.529,1254.86,66.3755,4241.78
0,1279,0.0553321,815.391,1232.86,65.8505,4260.43
0,1280,0.0515572,772.647,1210.03,65.2864,4278.34
0,1281,0.0481211,731.309,1186.41,64.6819,4295.49
0,1282,0.0449934,691.389,1162.03,64.0359,4311.84
0,1283,0.0421465,652.892,1136.93,63.3475,4327.36
0,1284,0.039556,615.821,1111.13,62.6157,4342.02
0,1285,0.0371996,580.176,1084.7,61.8401,4355.78
0,1286,0.0350574,545.953,1057.68,61.0202,4368.61
0,1287,0.0331114,513.144,1030.11,60.1557,4380.48
0,1288,0.0313456,481.737,1002.06,59.2469,4391.35
0,1289,0.0297456,451.717,973.583,58.2939,4401.18
0,1290,0.0282983,423.067,944.741,57.2973,4409.96
0,1291,0.0269923,395.766,915.599,56.258,4417.64
0,1292,0.0258171,369.789,886.221,55.177,4424.19
0,1293,0.0247636,345.11,856.674,54.0556,4429.59
0,1294,0.0238237,321.7,827.027,52.8955,4433.81
0,1295,0.0229902,299.527,797.346,51.6986,4436.82
0,1296,0.022257,278.558,767.7,50.467,4438.6
0,1297,0.0216185,258.757,738.157,49.2031,4439.12
0,1298,0.0210704,240.088,708.783,47.9096,4438.38
0,1299,0.0206088,222.513,679.643,46.5891,4436.35
0,1300,0.0202307,205.991,650.8,45.2448,4433.03
0,1301,0.0199337,190.483,622.313,43.8798,4428.4
0,1302,0.0197162,175.949,594.242,42.4974,4422.45
0,1303,0.0195775,162.346,566.642,41.1012,4415.19
0,1304,0.0195173,149.635,539.562,39.6945,4406.62
0,1305,0.0195361,137.772,513.053,38.2811,4396.74
0,1306,0.0196354,126.719,487.156,36.8646,4385.55
0,1307,0.0198172,116.433,461.913,35.4485,4373.07
0,1308,0.0200846,106.874,437.359,34.0365,4359.32
0,1309,0.0204412,98.0041,413.526,32.6322,4344.31
0,1310,0.0208919,89.784,390.44,31.2389,4328.07
0,1311,0.0214425,82.1762,368.126,29.8602,4310.61
0,1312,0.0220999,75.1443,346.6,28.4991,4291.97
0,1313,0.0228723,68.6531,325.878,27.1589,4272.19
0,1314,0.0237692,62.6685,305.969,25.8423,4251.28
0,1315,0.0248015,57.1577,286.881,24.5521,4229.29
0,1316,0.0259819,52.0894,268.614,23.2908,4206.26
0,1317,0.0273248,47.4336,251.168,22.0607,4182.23
0,1318,0.0288466,43.1615,234.539,20.8637,4157.24
0,1319,0.0305659,39.2461,218.717,19.7019,4131.33
0,1320,0.032504,35.6613,203.693,18.5766,4104.55
0,1321,0.0346848,32.3829,189.452,17.4892,4076.95
0,1322,0.0371352,29.3878,175.979,16.4409,4048.57
0,1323,0.0398857,26.6542,163.255,15.4325,4019.47
0,1324,0.0429705,24.1617,151.26,14.4645,3989.68
0,1325,0.046428,21.8912,139.972,13.5374,3959.26
0,1326,0.0503012,19.8249,129.368,12.6513,3928.25
0,1327,0.0546382,17.946,119.423,11.8063,3896.71
0,1328,0.0594932,16.2391,110.112,11.002,3864.68
0,1329,0.064926,14.6896,101.41,10.2381,3832.2
0,1330,0.071004,13.2842,93.2883,9.51413,3799.32
0,1331,0.0778016,12.0105,85.7216,8.82923,3766.1
0,1332,0.085402,10.8569,78.6827,8.1826,3732.55
0,1333,0.0938973,9.81301,72.1448,7.57329,3698.75
0,1334,0.10339,8.86895,66.0814,7.00021,3664.71
0,1335,0.113992,8.0158,60.4663,6.46223,3630.48
0,1336,0.125829,7.24533,55.2738,5.9581,3596.1
0,1337,0.139038,6.55001,50.4788,5.48655,3561.6
0,1338,0.153772,5.92295,46.057,5.04623,3527.02
0,1339,0.170197,5.35784,41.9848,4.63579,3492.38
0,1340,0.188495,4.84894,38.2394,4.25385,3457.73
0,1341,0.208868,4.39102,34.799,3.899,3423.08
0,1342,0.231534,3.97934,31.6427,3.56985,3388.47
0,1343,0.256734,3.60958,28.7505,3.26503,3353.92
0,1344,0.284727,3.27783,26.1033,2.98316,3319.45
0,1345,0.315799,2.98057,23.6831,2.72291,3285.09
0,1346,0.350257,2.71461,21.473,2.48297,3250.86
0,1347,0.388436,2.4771,19.4567,2.26206,3216.77
0,1348,0.430699,2.26546,17.6192,2.05896,3182.84
0,1349,0.477437,2.07739,15.9462,1.87247,3149.09
0,1350,0.529072,1.91084,14.4244,1.70147,3115.54
0,1351,0.586059,1.764,13.0415,1.54486,3082.19
0,1352,0.648886,1.63526,11.7858,1.40161,3049.06
0,1353,0.718079,1.52319,10.6466,1.27072,3016.16
0,1354,0.7942,1.42658,9.61393,1.15127,2983.5
0,1355,0.877851,1.34436,8.67845,1.04238,2951.09
0,1356,0.969673,1.27562,7.83166,0.943217,2918.93
0,1357,1.07035,1.2196,7.06566,0.853002,2887.03
0,1358,1.18062,1.17568,6.37316,0.771009,2855.41
0,1359,1.30124,1.14336,5.7475,0.696556,2824.05
0,1360,1.43305,1.12227,5.18252,0.62901,2792.98
0,1361,1.57692,1.11214,4.67261,0.567781,2762.19
0,1362,1.73376,1.11284,4.2126,0.512323,2731.68
0,1363,1.90455,1.12431,3.7978,0.462129,2701.46
0,1364,2.09032,1.14661,3.4239,0.416733,2671.53
0,1365,2.29215,1.17992,3.08699,0.375703,2641.9
0,1366,2.51118,1.22448,2.7835,0.338642,2612.55
0,1367,2.74859,1.28065,2.51019,0.305186,2583.5
0,1368,3.00565,1.34887,2.26411,0.275001,2554.74
0,1369,3.28366,1.4297,2.0426,0.24778,2526.27
0,1370,3.584,1.52378,1.84322,0.223243,2498.1
0,1371,3.90808,1.63183,1.66379,0.201135,2470.22
0,1372,4.25742,1.75469,1.50233,0.181223,2442.63
0,1373,4.63355,1.89329,1.35703,0.163295,2415.33
0,1374,5.03809,2.04866,1.22627,0.147157,2388.32
0,1375,5.47272,2.22194,1.10861,0.132634,2361.6
0,1376,5.93916,2.41436,1.00271,0.119568,2335.17
0,1377,6.43923,2.62726,0.907393,0.107814,2309.01
0,1378,6.97478,2.8621,0.821586,0.0972418,2283.15
0,1379,7.54771,3.12044,0.744325,0.0877332,2257.56
0,1380,8.16002,3.40397,0.674746,0.0791816,2232.25
0,1381,8.81374,3.71449,0.612067,0.0714907,2207.21
0,1382,9.51095,4.05392,0.55559,0.0645738,2182.45
0,1383,10.2538,4.4243,0.504686,0.0583523,2157.97
0,1384,11.0445,4.82783,0.458788,0.0527559,2133.75
0,1385,11.8853,5.2668,0.417389,0.047721,2109.8
0,1386,12.7785,5.74367,0.380035,0.0431904,2086.11
0,1387,13.7265,6.26104,0.346317,0.0391127,2062.68
0,1388,14.7316,6.82162,0.315867,0.0354418,2039.52
0,1389,15.7962,7.42832,0.288357,0.0321362,2016.61
0,1390,16.923,8.08415,0.263492,0.0291585,1993.95
0,1391,18.1143,8.79231,0.241006,0.0264754,1971.55
0,1392,19.3727,9.55616,0.220663,0.0240568,1949.4
0,1393,20.7008,10.3792,0.20225,0.0218759,1927.49
0,1394,22.1013,11.2651,0.185575,0.0199083,1905.83
0,1395,23.5766,12.2177,0.170467,0.0181325,1884.41
0,1396,25.1295,13.241,0.156772,0.016529,1863.23
0,1397,26.7627,14.3393,0.144352,0.0150805,1842.28
0,1398,28.4787,15.5168,0.133084,0.0137713,1821.57
0,1399,30.2803,16.7781,0.122857,0.0125873,1801.09
0,1400,32.1701,18.128,0.11357,0.0115162,1780.84
0,1401,34.1508,19.5714,0.105134,0.0105465,1760.82
0,1402,36.2251,21.1134,0.0974686,0.00966829,1741.02
0,1403,38.3955,22.7591,0.0905015,0.00887242,1721.44
0,1404,40.6648,24.5142,0.0841679,0.00815083,1702.09
0,1405,43.0355,26.3843,0.0784093,0.00749622,1682.95
0,1406,45.5102,28.3752,0.0731734,0.00690206,1664.02
0,1407,48.0914,30.4929,0.068413,0.00636251,1645.31
0,1408,50.7816,32.7438,0.0640859,0.0058723,1626.8
0,1409,53.5833,35.1341,0.0601539,0.00542671,1608.51
0,1410,56.4988,37.6705,0.0565829,0.00502149,1590.42
0,1411,59.5305,40.3598,0.0533423,0.00465284,1572.53
0,1412,62.6806,43.2089,0.0504046,0.00431733,1554.84
0,1413,65.9515,46.2251,0.047745,0.00401188,1537.36
0,1414,69.3452,49.4156,0.0453416,0.00373372,1520.06
0,1415,72.8637,52.7879,0.0431747,0.00348036,1502.97
0,1416,76.5091,56.3498,0.0412268,0.00324956,1486.06
0,1417,80.2832,60.1091,0.0394822,0.0030393,1469.35
0,1418,84.1879,64.0738,0.0379272,0.00284775,1452.82
0,1419,88.2247,68.2521,0.0365499,0.00267329,1436.48
0,1420,92.3955,72.6524,0.0353398,0.00251444,1420.32
0,1421,96.7015,77.2831,0.0342877,0.00236988,1404.35
0,1422,101.144,82.153,0.0333863,0.0022384,1388.55
0,1423,105.725,87.2707,0.032629,0.00211894,1372.93
0,1424,110.445,92.6453,0.0320111,0.00201053,1357.49
0,1425,115.305,98.2858,0.0315287,0.0019123,1342.22
0,1426,120.306,104.201,0.0311794,0.00182348,1327.12
0,1427,125.448,110.401,0.0309618,0.00174337,1312.19
0,1428,130.733,116.895,0.030876,0.00167134,1297.43
0,1429,136.161,123.692,0.0309231,0.00160686,1282.84
0,1430,141.733,130.802,0.0311057,0.00154942,1268.41
0,1431,147.447,138.234,0.0314278,0.00149861,1254.14
0,1432,153.306,145.999,0.0318946,0.00145404,1240.03
0,1433,159.308,154.106,0.0325131,0.00141541,1226.08
0,1434,165.453,162.565,0.0332918,0.00138244,1212.29
0,1435,171.741,171.385,0.034241,0.00135491,1198.65
0,1436,178.171,180.578,0.035373,0.00133264,1185.17
0,1437,184.743,190.153,0.0367022,0.00131549,1171.84
0,1438,191.457,200.12,0.0382453,0.00130339,1158.66
0,1439,198.31,210.488,0.0400216,0.00129629,1145.62
0,1440,205.301,221.269,0.0420532,0.0012942,1132.73
0,1441,212.431,232.472,0.0443654,0.00129715,1119.99
0,1442,219.697,244.106,0.0469867,0.00130525,1107.39
0,1443,227.097,256.183,0.0499498,0.00131864,1094.94
0,1444,234.63,268.711,0.0532915,0.00133752,1082.62
0,1445,242.294,281.701,0.0570531,0.00136215,1070.44
0,1446,250.087,295.162,0.0612814,0.00139285,1058.4
0,1447,258.007,309.105,0.0660287,0.00142999,1046.5
0,1448,266.052,323.538,0.0713539,0.00147403,1034.72
0,1449,274.219,338.472,0.0773228,0.00152549,1023.08
0,1450,282.505,353.915,0.084009,0.00158501,1011.58
0,1451,290.909,369.877,0.0914945,0.00165329,1000.2
0,1452,299.426,386.367,0.0998709,0.00173115,988.947
0,1453,308.055,403.394,0.10924,0.00181953,977.823
0,1454,316.791,420.967,0.119715,0.0019195,966.825
0,1455,325.633,439.094,0.131421,0.00203228,955.95
0,1456,334.576,457.785,0.144497,0.00215924,945.198
0,1457,343.617,477.046,0.159097,0.00230194,934.566
0,1458,352.752,496.887,0.175391,0.00246215,924.055
0,1459,361.979,517.314,0.193566,0.00264185,913.661
0,1460,371.293,538.337,0.213827,0.00284327,903.385
0,1461,380.69,559.961,0.236401,0.00306893,893.225
0,1462,390.166,582.195,0.261536,0.00332166,883.179
0,1463,399.718,605.045,0.289504,0.00360462,873.247
0,1464,409.341,628.518,0.320603,0.00392136,863.427
0,1465,419.031,652.62,0.355157,0.00427585,853.717
0,1466,428.784,677.357,0.393521,0.00467253,844.117
0,1467,438.596,702.735,0.436079,0.00511634,834.625
0,1468,448.462,728.759,0.48325,0.00561279,825.241
0,1469,458.377,755.435,0.535488,0.006168,815.963
0,1470,468.338,782.767,0.593284,0.00678879,806.789
0,1471,478.339,810.76,0.65717,0.0074827,797.72
0,1472,488.376,839.417,0.727719,0.00825809,788.753
0,1473,498.445,868.744,0.80555,0.00912418,779.887
0,1474,508.54,898.742,0.891326,0.0100912,771.123
0,1475,518.657,929.415,0.985763,0.0111703,762.458
0,1476,528.792,960.767,1.08962,0.0123739,753.891
0,1477,538.939,992.798,1.20373,0.0137155,745.422
0,1478,549.094,1025.51,1.32896,0.0152101,737.05
0,1479,559.252,1058.91,1.46625,0.0168737,728.774
0,1480,569.409,1092.99,1.61659,0.0187242,720.592
0,1481,579.558,1127.76,1.78104,0.020781,712.504
0,1482,589.696,1163.21,1.96073,0.023065,704.509
0,1483,599.818,1199.35,2.15686,0.0255991,696.606
0,1484,609.92,1236.17,2.37068,0.0284081,688.795
0,1485,619.995,1273.67,2.60355,0.0315188,681.074
0,1486,630.04,1311.86,2.85686,0.0349602,673.444
0,1487,640.049,1350.73,3.13212,0.0387634,665.903
0,1488,650.019,1390.28,3.43088,0.0429622,658.45
0,1489,659.943,1430.5,3.75481,0.0475925,651.085
0,1490,669.819,1471.39,4.10563,0.0526932,643.808
0,1491,679.64,1512.96,4.48516,0.0583058,636.618
0,1492,689.402,1555.18,4.89529,0.0644745,629.514
0,1493,699.101,1598.07,5.33802,0.0712468,622.497
0,1494,708.732,1641.61,5.81542,0.0786729,615.565
0,1495,718.291,1685.79,6.32966,0.0868066,608.719
0,1496,727.772,1730.63,6.88298,0.0957048,601.957
0,1497,737.173,1776.09,7.47773,0.105428,595.281
0,1498,746.487,1822.19,8.11634,0.11604,588.689
0,1499,755.711,1868.9,8.80133,0.127608,582.183
0,1500,764.84,1916.24,9.5353,0.140203,575.761
0,1501,773.871,1964.17,10.321,0.153901,569.424
0,1502,782.798,2012.7,11.1611,0.168781,563.171
0,1503,791.618,2061.82,12.0586,0.184926,557.005
0,1504,800.327,2111.51,13.0164,0.202422,550.923
0,1505,808.92,2161.77,14.0375,0.221361,544.928
0,1506,817.394,2212.59,15.1252,0.241838,539.019
0,1507,825.744,2263.95,16.2825,0.263952,533.196
0,1508,833.967,2315.84,17.5128,0.287808,527.462
0,1509,842.059,2368.25,18.8194,0.313514,521.816
0,1510,850.016,2421.16,20.2057,0.341181,516.259
0,1511,857.834,2474.57,21.6753,0.370927,510.792
0,1512,865.51,2528.46,23.2317,0.402872,505.417
0,1513,873.041,2582.81,24.8786,0.437141,500.133
0,1514,880.424,2637.62,26.6195,0.473865,494.944
0,1515,887.654,2692.86,28.4583,0.513176,489.85
0,1516,894.728,2748.52,30.3987,0.555213,484.852
0,1517,901.645,2804.58,32.4446,0.600116,479.953
0,1518,908.401,2861.03,34.5997,0.648033,475.153
0,1519,914.993,2917.85,36.868,0.699112,470.456
0,1520,921.418,2975.02,39.2534,0.753508,465.862
0,1521,927.675,3032.53,41.7598,0.811376,461.375
0,1522,933.76,3090.35,44.3911,0.872877,456.995
0,1523,939.672,3148.47,47.1513,0.938176,452.727
0,1524,945.41,3206.87,50.0444,1.00744,448.572
0,1525,950.97,3265.53,53.0742,1.08083,444.533
0,1526,956.352,3324.43,56.2447,1.15854,440.612
0,1527,961.554,3383.55,59.5598,1.24072,436.814
0,1528,966.576,3442.87,63.0233,1.32756,433.14
0,1529,971.416,3502.36,66.6391,1.41924,429.595
0,1530,976.073,3562.02,70.4109,1.51594,426.181
0,1531,980.548,3621.81,74.3426,1.61785,422.902
0,1532,984.839,3681.72,78.4376,1.72513,419.762
0,1533,988.947,3741.72,82.6997,1.83799,416.765
0,1534,992.873,3801.79,87.1324,1.9566,413.914
0,1535,996.616,3861.91,91.739,2.08116,411.214
0,1536,1000.18,3922.06,96.523,2.21184,408.669
0,1537,1003.56,3982.21,101.488,2.34883,406.283
0,1538,1006.76,4042.35,106.636,2.49231,404.061
0,1539,1009.78,4102.44,111.971,2.64248,402.007
0,1540,1012.62,4162.47,117.495,2.79951,400.127
0,1541,1015.29,4222.42,123.212,2.96358,398.425
0,1542,1017.78,4282.25,129.124,3.13486,396.906
0,1543,1020.1,4341.96,135.234,3.31355,395.575
0,1544,1022.24,4401.51,141.543,3.49979,394.438
0,1545,1024.22,4460.88,148.055,3.69378,393.5
0,1546,1026.03,4520.06,154.77,3.89566,392.767
0,1547,1027.66,4579.01,161.691,4.1056,392.243
0,1548,1029.13,4637.72,168.82,4.32377,391.936
0,1549,1030.44,4696.16,176.158,4.5503,391.85
0,1550,1031.57,4754.31,183.706,4.78536,391.991
0,1551,1032.54,4812.15,191.466,5.02907,392.366
0,1552,1033.35,4869.66,199.437,5.28157,392.981
0,1553,1033.98,4926.82,207.622,5.543,393.841
0,1554,1034.44,4983.61,216.021,5.81348,394.952
0,1555,1034.73,5039.99,224.633,6.09311,396.322
0,1556,1034.85,5095.96,233.459,6.38202,397.956
0,1557,1034.78,5151.5,242.499,6.6803,399.86
0,1558,1034.52,5206.58,251.753,6.98804,402.041
0,1559,1034.07,5261.18,261.219,7.30533,404.506
0,1560,1033.42,5315.28,270.897,7.63225,407.26
0,1561,1032.57,5368.86,280.787,7.96886,410.309
0,1562,1031.49,5421.91,290.886,8.31523,413.661
0,1563,1030.18,5474.39,301.194,8.67139,417.322
0,1564,1028.63,5526.3,311.709,9.03741,421.298
0,1565,1026.83,5577.61,322.429,9.41329,425.595
0,1566,1024.76,5628.3,333.351,9.79908,430.219
0,1567,1022.4,5678.36,344.474,10.1948,435.177
0,1568,1019.74,5727.75,355.795,10.6004,440.475
0,1569,1016.77,5776.46,367.31,11.0159,446.119
0,1570,1013.45,5824.47,379.018,11.4413,452.115
0,1571,1009.78,5871.75,390.915,11.8765,458.469
0,1572,1005.72,5918.29,402.998,12.3215,465.186
0,1573,1001.27,5964.05,415.263,12.7764,472.273
0,1574,996.405,6009.02,427.705,13.2409,479.735
0,1575,991.094,6053.16,440.322,13.715,487.577
0,1576,985.321,6096.46,453.109,14.1987,495.806
0,1577,979.066,6138.88,466.061,14.6919,504.425
0,1578,972.307,6180.4,479.175,15.1944,513.441
0,1579,965.025,6220.99,492.444,15.7062,522.857
0,1580,957.201,6260.61,505.865,16.2271,532.68
0,1581,948.817,6299.23,519.432,16.757,542.913
0,1582,939.859,6336.83,533.14,17.2957,553.56
0,1583,930.313,6373.37,546.984,17.8432,564.626
0,1584,920.165,6408.8,560.958,18.3991,576.116
0,1585,909.407,6443.1,575.055,18.9634,588.032
0,1586,898.032,6476.22,589.272,19.5359,600.378
0,1587,886.035,6508.13,603.601,20.1164,613.157
0,1588,873.417,6538.78,618.036,20.7047,626.374
0,1589,860.177,6568.14,632.571,21.3006,640.03
0,1590,846.323,6596.15,647.2,21.9038,654.128
0,1591,831.863,6622.78,661.917,22.5142,668.67
0,1592,816.809,6647.99,676.714,23.1315,683.66
0,1593,801.178,6671.72,691.586,23.7554,699.097
0,1594,784.988,6693.94,706.525,24.3858,714.986
0,1595,768.263,6714.59,721.525,25.0224,731.325
0,1596,751.03,6733.65,736.578,25.6648,748.118
0,1597,733.318,6751.05,751.679,26.3129,765.363
